Resolution      GOP#            TranscodingTime          Pts             InputSize       outputSize      

320X180         1               180                      0               583437          161872          

320X180         2               319                      1000            287397          291988          

320X180         3               288                      5000            497980          254598          

320X180         4               661                      8000            1255763         723963          

320X180         5               136                      14000           177287          120033          

320X180         6               178                      16000           149504          179857          

320X180         7               269                      18000           660657          272387          

320X180         8               956                      20000           2854946         1104821         

320X180         9               932                      24000           1450513         953844          

320X180         10              172                      34000           342982          131922          

320X180         11              636                      36000           643656          589724          

320X180         12              371                      44000           497280          444382          

320X180         13              822                      48000           1381017         799252          

320X180         14              572                      57000           1012388         647669          

320X180         15              453                      62000           1054952         659224          

320X180         16              310                      65000           642743          357638          

320X180         17              325                      68000           558540          310687          

320X180         18              1005                     71000           1815247         1196879         

320X180         19              1019                     81000           1952120         1142614         

320X180         20              202                      91000           210778          207599          

320X180         21              693                      94000           1339076         920864          

320X180         22              305                      101000          204333          333403          

Resolution      GOP#            TranscodingTime          Pts             InputSize       outputSize      

320X180         1               174                      0               583437          161872          

320X180         2               326                      1000            287397          291988          

320X180         3               284                      5000            497980          254598          

320X180         4               724                      8000            1255763         723963          

320X180         5               135                      14000           177287          120033          

320X180         6               178                      16000           149504          179857          

320X180         7               271                      18000           660657          272387          

320X180         8               954                      20000           2854946         1104821         

320X180         9               905                      24000           1450513         953844          

320X180         10              168                      34000           342982          131922          

320X180         11              610                      36000           643656          589724          

320X180         12              375                      44000           497280          444382          

320X180         13              811                      48000           1381017         799252          

320X180         14              557                      57000           1012388         647669          

320X180         15              436                      62000           1054952         659224          

320X180         16              303                      65000           642743          357638          

320X180         17              320                      68000           558540          310687          

320X180         18              1012                     71000           1815247         1196879         

320X180         19              1018                     81000           1952120         1142614         

320X180         20              204                      91000           210778          207599          

320X180         21              698                      94000           1339076         920864          

320X180         22              302                      101000          204333          333403          

Resolution      GOP#            TranscodingTime          Pts             InputSize       outputSize      

320X180         1               172                      0               583437          161872          

320X180         2               320                      1000            287397          291988          

320X180         3               284                      5000            497980          254598          

320X180         4               652                      8000            1255763         723963          

320X180         5               135                      14000           177287          120033          

320X180         6               179                      16000           149504          179857          

320X180         7               272                      18000           660657          272387          

320X180         8               941                      20000           2854946         1104821         

320X180         9               885                      24000           1450513         953844          

320X180         10              162                      34000           342982          131922          

320X180         11              814                      36000           643656          589724          

320X180         12              518                      44000           497280          444382          

320X180         13              811                      48000           1381017         799252          

320X180         14              556                      57000           1012388         647669          

320X180         15              437                      62000           1054952         659224          

320X180         16              307                      65000           642743          357638          

320X180         17              327                      68000           558540          310687          

320X180         18              1020                     71000           1815247         1196879         

320X180         19              1028                     81000           1952120         1142614         

320X180         20              206                      91000           210778          207599          

320X180         21              697                      94000           1339076         920864          

320X180         22              301                      101000          204333          333403          

Resolution      GOP#            TranscodingTime          Pts             InputSize       outputSize      

320X180         1               174                      0               583437          161872          

320X180         2               321                      1000            287397          291988          

320X180         3               282                      5000            497980          254598          

320X180         4               661                      8000            1255763         723963          

320X180         5               140                      14000           177287          120033          

320X180         6               175                      16000           149504          179857          

320X180         7               273                      18000           660657          272387          

320X180         8               956                      20000           2854946         1104821         

320X180         9               912                      24000           1450513         953844          

320X180         10              168                      34000           342982          131922          

320X180         11              604                      36000           643656          589724          

320X180         12              370                      44000           497280          444382          

320X180         13              806                      48000           1381017         799252          

320X180         14              553                      57000           1012388         647669          

320X180         15              444                      62000           1054952         659224          

320X180         16              308                      65000           642743          357638          

320X180         17              327                      68000           558540          310687          

320X180         18              1023                     71000           1815247         1196879         

320X180         19              1013                     81000           1952120         1142614         

320X180         20              201                      91000           210778          207599          

320X180         21              681                      94000           1339076         920864          

320X180         22              288                      101000          204333          333403          

Resolution      GOP#            TranscodingTime          Pts             InputSize       outputSize      

320X180         1               176                      0               583437          161872          

320X180         2               315                      1000            287397          291988          

320X180         3               282                      5000            497980          254598          

320X180         4               662                      8000            1255763         723963          

320X180         5               133                      14000           177287          120033          

320X180         6               175                      16000           149504          179857          

320X180         7               266                      18000           660657          272387          

320X180         8               942                      20000           2854946         1104821         

320X180         9               894                      24000           1450513         953844          

320X180         10              165                      34000           342982          131922          

320X180         11              600                      36000           643656          589724          

320X180         12              368                      44000           497280          444382          

320X180         13              801                      48000           1381017         799252          

320X180         14              556                      57000           1012388         647669          

320X180         15              446                      62000           1054952         659224          

320X180         16              307                      65000           642743          357638          

320X180         17              323                      68000           558540          310687          

320X180         18              1021                     71000           1815247         1196879         

320X180         19              995                      81000           1952120         1142614         

320X180         20              202                      91000           210778          207599          

320X180         21              689                      94000           1339076         920864          

320X180         22              297                      101000          204333          333403          

Resolution      GOP#            TranscodingTime          Pts             InputSize       outputSize      

320X180         1               173                      0               583437          161872          

320X180         2               325                      1000            287397          291988          

320X180         3               285                      5000            497980          254598          

320X180         4               665                      8000            1255763         723963          

320X180         5               136                      14000           177287          120033          

320X180         6               216                      16000           149504          179857          

320X180         7               267                      18000           660657          272387          

320X180         8               954                      20000           2854946         1104821         

320X180         9               910                      24000           1450513         953844          

320X180         10              167                      34000           342982          131922          

320X180         11              610                      36000           643656          589724          

320X180         12              369                      44000           497280          444382          

320X180         13              800                      48000           1381017         799252          

320X180         14              550                      57000           1012388         647669          

320X180         15              441                      62000           1054952         659224          

320X180         16              310                      65000           642743          357638          

320X180         17              335                      68000           558540          310687          

320X180         18              1004                     71000           1815247         1196879         

320X180         19              1000                     81000           1952120         1142614         

320X180         20              199                      91000           210778          207599          

320X180         21              691                      94000           1339076         920864          

320X180         22              295                      101000          204333          333403          

Resolution      GOP#            TranscodingTime          Pts             InputSize       outputSize      

320X180         1               171                      0               583437          161872          

320X180         2               327                      1000            287397          291988          

320X180         3               286                      5000            497980          254598          

320X180         4               673                      8000            1255763         723963          

320X180         5               142                      14000           177287          120033          

320X180         6               182                      16000           149504          179857          

320X180         7               276                      18000           660657          272387          

320X180         8               977                      20000           2854946         1104821         

320X180         9               920                      24000           1450513         953844          

320X180         10              169                      34000           342982          131922          

320X180         11              607                      36000           643656          589724          

320X180         12              368                      44000           497280          444382          

320X180         13              812                      48000           1381017         799252          

320X180         14              553                      57000           1012388         647669          

320X180         15              455                      62000           1054952         659224          

320X180         16              306                      65000           642743          357638          

320X180         17              324                      68000           558540          310687          

320X180         18              994                      71000           1815247         1196879         

320X180         19              980                      81000           1952120         1142614         

320X180         20              203                      91000           210778          207599          

320X180         21              692                      94000           1339076         920864          

320X180         22              417                      101000          204333          333403          

Resolution      GOP#            TranscodingTime          Pts             InputSize       outputSize      

320X180         1               194                      0               583437          161872          

320X180         2               310                      1000            287397          291988          

320X180         3               268                      5000            497980          254598          

320X180         4               633                      8000            1255763         723963          

320X180         5               133                      14000           177287          120033          

320X180         6               173                      16000           149504          179857          

320X180         7               260                      18000           660657          272387          

320X180         8               916                      20000           2854946         1104821         

320X180         9               895                      24000           1450513         953844          

320X180         10              168                      34000           342982          131922          

320X180         11              600                      36000           643656          589724          

320X180         12              365                      44000           497280          444382          

320X180         13              799                      48000           1381017         799252          

320X180         14              552                      57000           1012388         647669          

320X180         15              441                      62000           1054952         659224          

320X180         16              426                      65000           642743          357638          

320X180         17              370                      68000           558540          310687          

320X180         18              990                      71000           1815247         1196879         

320X180         19              980                      81000           1952120         1142614         

320X180         20              198                      91000           210778          207599          

320X180         21              946                      94000           1339076         920864          

320X180         22              426                      101000          204333          333403          

Resolution      GOP#            TranscodingTime          Pts             InputSize       outputSize      

320X180         1               175                      0               583437          161872          

320X180         2               320                      1000            287397          291988          

320X180         3               286                      5000            497980          254598          

320X180         4               665                      8000            1255763         723963          

320X180         5               135                      14000           177287          120033          

320X180         6               178                      16000           149504          179857          

320X180         7               269                      18000           660657          272387          

320X180         8               947                      20000           2854946         1104821         

320X180         9               908                      24000           1450513         953844          

320X180         10              168                      34000           342982          131922          

320X180         11              608                      36000           643656          589724          

320X180         12              373                      44000           497280          444382          

320X180         13              821                      48000           1381017         799252          

320X180         14              560                      57000           1012388         647669          

320X180         15              435                      62000           1054952         659224          

320X180         16              307                      65000           642743          357638          

320X180         17              325                      68000           558540          310687          

320X180         18              1031                     71000           1815247         1196879         

320X180         19              1025                     81000           1952120         1142614         

320X180         20              202                      91000           210778          207599          

320X180         21              687                      94000           1339076         920864          

320X180         22              294                      101000          204333          333403          

Resolution      GOP#            TranscodingTime          Pts             InputSize       outputSize      

320X180         1               172                      0               583437          161872          

320X180         2               319                      1000            287397          291988          

320X180         3               284                      5000            497980          254598          

320X180         4               661                      8000            1255763         723963          

320X180         5               136                      14000           177287          120033          

320X180         6               173                      16000           149504          179857          

320X180         7               273                      18000           660657          272387          

320X180         8               939                      20000           2854946         1104821         

320X180         9               867                      24000           1450513         953844          

320X180         10              166                      34000           342982          131922          

320X180         11              586                      36000           643656          589724          

320X180         12              360                      44000           497280          444382          

320X180         13              794                      48000           1381017         799252          

320X180         14              546                      57000           1012388         647669          

320X180         15              432                      62000           1054952         659224          

320X180         16              300                      65000           642743          357638          

320X180         17              316                      68000           558540          310687          

320X180         18              975                      71000           1815247         1196879         

320X180         19              966                      81000           1952120         1142614         

320X180         20              195                      91000           210778          207599          

320X180         21              664                      94000           1339076         920864          

320X180         22              290                      101000          204333          333403          

