Resolution      GOP#            TranscodingTime          Pts             InputSize       outputSize      

320X180         1               1158                     0               3234574         1242148         

320X180         2               277                      10000           951665          357882          

320X180         3               651                      11000           2011850         790312          

320X180         4               551                      15000           998136          722242          

320X180         5               1961                     23000           6644439         2043843         

320X180         6               1249                     33000           2775790         1815843         

320X180         7               599                      43000           1533786         716735          

320X180         8               1093                     47000           2807641         1416861         

Resolution      GOP#            TranscodingTime          Pts             InputSize       outputSize      

320X180         1               1154                     0               3234574         1242148         

320X180         2               286                      10000           951665          357882          

320X180         3               679                      11000           2011850         790312          

320X180         4               580                      15000           998136          722242          

320X180         5               1978                     23000           6644439         2043843         

320X180         6               1251                     33000           2775790         1815843         

320X180         7               590                      43000           1533786         716735          

320X180         8               1060                     47000           2807641         1416861         

Resolution      GOP#            TranscodingTime          Pts             InputSize       outputSize      

320X180         1               1140                     0               3234574         1242148         

320X180         2               274                      10000           951665          357882          

320X180         3               670                      11000           2011850         790312          

320X180         4               562                      15000           998136          722242          

320X180         5               1952                     23000           6644439         2043843         

320X180         6               1241                     33000           2775790         1815843         

320X180         7               604                      43000           1533786         716735          

320X180         8               1074                     47000           2807641         1416861         

Resolution      GOP#            TranscodingTime          Pts             InputSize       outputSize      

320X180         1               1137                     0               3234574         1242148         

320X180         2               279                      10000           951665          357882          

320X180         3               716                      11000           2011850         790312          

320X180         4               551                      15000           998136          722242          

320X180         5               1990                     23000           6644439         2043843         

320X180         6               1271                     33000           2775790         1815843         

320X180         7               603                      43000           1533786         716735          

320X180         8               1081                     47000           2807641         1416861         

Resolution      GOP#            TranscodingTime          Pts             InputSize       outputSize      

320X180         1               1175                     0               3234574         1242148         

320X180         2               285                      10000           951665          357882          

320X180         3               672                      11000           2011850         790312          

320X180         4               566                      15000           998136          722242          

320X180         5               1992                     23000           6644439         2043843         

320X180         6               1275                     33000           2775790         1815843         

320X180         7               937                      43000           1533786         716735          

320X180         8               1116                     47000           2807641         1416861         

Resolution      GOP#            TranscodingTime          Pts             InputSize       outputSize      

320X180         1               1140                     0               3234574         1242148         

320X180         2               286                      10000           951665          357882          

320X180         3               674                      11000           2011850         790312          

320X180         4               583                      15000           998136          722242          

320X180         5               2028                     23000           6644439         2043843         

320X180         6               1263                     33000           2775790         1815843         

320X180         7               600                      43000           1533786         716735          

320X180         8               1109                     47000           2807641         1416861         

Resolution      GOP#            TranscodingTime          Pts             InputSize       outputSize      

320X180         1               1142                     0               3234574         1242148         

320X180         2               283                      10000           951665          357882          

320X180         3               661                      11000           2011850         790312          

320X180         4               550                      15000           998136          722242          

320X180         5               1979                     23000           6644439         2043843         

320X180         6               1274                     33000           2775790         1815843         

320X180         7               613                      43000           1533786         716735          

320X180         8               1101                     47000           2807641         1416861         

Resolution      GOP#            TranscodingTime          Pts             InputSize       outputSize      

320X180         1               1152                     0               3234574         1242148         

320X180         2               279                      10000           951665          357882          

320X180         3               669                      11000           2011850         790312          

320X180         4               564                      15000           998136          722242          

320X180         5               2011                     23000           6644439         2043843         

320X180         6               1277                     33000           2775790         1815843         

320X180         7               599                      43000           1533786         716735          

320X180         8               1080                     47000           2807641         1416861         

Resolution      GOP#            TranscodingTime          Pts             InputSize       outputSize      

320X180         1               1222                     0               3234574         1242148         

320X180         2               286                      10000           951665          357882          

320X180         3               686                      11000           2011850         790312          

320X180         4               578                      15000           998136          722242          

320X180         5               2059                     23000           6644439         2043843         

320X180         6               1268                     33000           2775790         1815843         

320X180         7               593                      43000           1533786         716735          

320X180         8               1077                     47000           2807641         1416861         

Resolution      GOP#            TranscodingTime          Pts             InputSize       outputSize      

320X180         1               1144                     0               3234574         1242148         

320X180         2               283                      10000           951665          357882          

320X180         3               660                      11000           2011850         790312          

320X180         4               553                      15000           998136          722242          

320X180         5               1992                     23000           6644439         2043843         

320X180         6               1295                     33000           2775790         1815843         

320X180         7               615                      43000           1533786         716735          

320X180         8               1094                     47000           2807641         1416861         

