Resolution      GOP#            TranscodingTime          Pts             InputSize       outputSize      

320X180         1               2478                     0               3039612         1696132         

320X180         2               567                      9000            106311          505279          

320X180         3               641                      12000           869910          423247          

320X180         4               353                      14000           229217          389269          

320X180         5               440                      15000           580391          366078          

320X180         6               799                      16000           330577          792760          

320X180         7               982                      19000           698475          800281          

320X180         8               296                      24000           143448          206570          

320X180         9               319                      25000           386823          170108          

320X180         10              351                      27000           198863          399721          

320X180         11              819                      28000           1079178         720877          

320X180         12              806                      31000           1012956         826593          

320X180         13              1793                     33000           1086477         1785450         

320X180         14              565                      40000           519122          420386          

320X180         15              418                      43000           523607          147331          

320X180         16              971                      46000           1034050         866018          

320X180         17              536                      49000           191773          465805          

320X180         18              2169                     52000           1388117         1693643         

320X180         19              475                      62000           779097          325819          

320X180         20              2472                     63000           2074580         3007596         

Resolution      GOP#            TranscodingTime          Pts             InputSize       outputSize      

320X180         1               2318                     0               3039612         1696132         

320X180         2               584                      9000            106311          505279          

320X180         3               804                      12000           869910          423247          

320X180         4               487                      14000           229217          389269          

320X180         5               474                      15000           580391          366078          

320X180         6               855                      16000           330577          792760          

320X180         7               1039                     19000           698475          800281          

320X180         8               318                      24000           143448          206570          

320X180         9               337                      25000           386823          170108          

320X180         10              374                      27000           198863          399721          

320X180         11              871                      28000           1079178         720877          

320X180         12              853                      31000           1012956         826593          

320X180         13              1869                     33000           1086477         1785450         

320X180         14              579                      40000           519122          420386          

320X180         15              432                      43000           523607          147331          

320X180         16              1018                     46000           1034050         866018          

320X180         17              534                      49000           191773          465805          

320X180         18              2155                     52000           1388117         1693643         

320X180         19              448                      62000           779097          325819          

320X180         20              2387                     63000           2074580         3007596         

Resolution      GOP#            TranscodingTime          Pts             InputSize       outputSize      

320X180         1               2289                     0               3039612         1696132         

320X180         2               572                      9000            106311          505279          

320X180         3               645                      12000           869910          423247          

320X180         4               363                      14000           229217          389269          

320X180         5               454                      15000           580391          366078          

320X180         6               840                      16000           330577          792760          

320X180         7               1016                     19000           698475          800281          

320X180         8               313                      24000           143448          206570          

320X180         9               335                      25000           386823          170108          

320X180         10              358                      27000           198863          399721          

320X180         11              842                      28000           1079178         720877          

320X180         12              825                      31000           1012956         826593          

320X180         13              1821                     33000           1086477         1785450         

320X180         14              575                      40000           519122          420386          

320X180         15              423                      43000           523607          147331          

320X180         16              979                      46000           1034050         866018          

320X180         17              531                      49000           191773          465805          

320X180         18              2109                     52000           1388117         1693643         

320X180         19              448                      62000           779097          325819          

320X180         20              2455                     63000           2074580         3007596         

Resolution      GOP#            TranscodingTime          Pts             InputSize       outputSize      

320X180         1               2345                     0               3039612         1696132         

320X180         2               581                      9000            106311          505279          

320X180         3               659                      12000           869910          423247          

320X180         4               365                      14000           229217          389269          

320X180         5               447                      15000           580391          366078          

320X180         6               836                      16000           330577          792760          

320X180         7               1017                     19000           698475          800281          

320X180         8               304                      24000           143448          206570          

320X180         9               314                      25000           386823          170108          

320X180         10              349                      27000           198863          399721          

320X180         11              811                      28000           1079178         720877          

320X180         12              800                      31000           1012956         826593          

320X180         13              1802                     33000           1086477         1785450         

320X180         14              557                      40000           519122          420386          

320X180         15              414                      43000           523607          147331          

320X180         16              960                      46000           1034050         866018          

320X180         17              506                      49000           191773          465805          

320X180         18              2062                     52000           1388117         1693643         

320X180         19              460                      62000           779097          325819          

320X180         20              2390                     63000           2074580         3007596         

Resolution      GOP#            TranscodingTime          Pts             InputSize       outputSize      

320X180         1               2234                     0               3039612         1696132         

320X180         2               569                      9000            106311          505279          

320X180         3               634                      12000           869910          423247          

320X180         4               354                      14000           229217          389269          

320X180         5               441                      15000           580391          366078          

320X180         6               815                      16000           330577          792760          

320X180         7               990                      19000           698475          800281          

320X180         8               307                      24000           143448          206570          

320X180         9               314                      25000           386823          170108          

320X180         10              371                      27000           198863          399721          

320X180         11              1353                     28000           1079178         720877          

320X180         12              798                      31000           1012956         826593          

320X180         13              1803                     33000           1086477         1785450         

320X180         14              571                      40000           519122          420386          

320X180         15              422                      43000           523607          147331          

320X180         16              998                      46000           1034050         866018          

320X180         17              539                      49000           191773          465805          

320X180         18              2166                     52000           1388117         1693643         

320X180         19              480                      62000           779097          325819          

320X180         20              2503                     63000           2074580         3007596         

Resolution      GOP#            TranscodingTime          Pts             InputSize       outputSize      

320X180         1               2312                     0               3039612         1696132         

320X180         2               581                      9000            106311          505279          

320X180         3               653                      12000           869910          423247          

320X180         4               365                      14000           229217          389269          

320X180         5               442                      15000           580391          366078          

320X180         6               828                      16000           330577          792760          

320X180         7               1010                     19000           698475          800281          

320X180         8               309                      24000           143448          206570          

320X180         9               323                      25000           386823          170108          

320X180         10              343                      27000           198863          399721          

320X180         11              816                      28000           1079178         720877          

320X180         12              803                      31000           1012956         826593          

320X180         13              1754                     33000           1086477         1785450         

320X180         14              553                      40000           519122          420386          

320X180         15              409                      43000           523607          147331          

320X180         16              963                      46000           1034050         866018          

320X180         17              519                      49000           191773          465805          

320X180         18              2072                     52000           1388117         1693643         

320X180         19              451                      62000           779097          325819          

320X180         20              2387                     63000           2074580         3007596         

Resolution      GOP#            TranscodingTime          Pts             InputSize       outputSize      

320X180         1               2292                     0               3039612         1696132         

320X180         2               570                      9000            106311          505279          

320X180         3               650                      12000           869910          423247          

320X180         4               356                      14000           229217          389269          

320X180         5               427                      15000           580391          366078          

320X180         6               827                      16000           330577          792760          

320X180         7               985                      19000           698475          800281          

320X180         8               310                      24000           143448          206570          

320X180         9               321                      25000           386823          170108          

320X180         10              351                      27000           198863          399721          

320X180         11              815                      28000           1079178         720877          

320X180         12              805                      31000           1012956         826593          

320X180         13              1771                     33000           1086477         1785450         

320X180         14              571                      40000           519122          420386          

320X180         15              427                      43000           523607          147331          

320X180         16              951                      46000           1034050         866018          

320X180         17              508                      49000           191773          465805          

320X180         18              2094                     52000           1388117         1693643         

320X180         19              470                      62000           779097          325819          

320X180         20              2456                     63000           2074580         3007596         

Resolution      GOP#            TranscodingTime          Pts             InputSize       outputSize      

320X180         1               2315                     0               3039612         1696132         

320X180         2               582                      9000            106311          505279          

320X180         3               654                      12000           869910          423247          

320X180         4               363                      14000           229217          389269          

320X180         5               447                      15000           580391          366078          

320X180         6               822                      16000           330577          792760          

320X180         7               986                      19000           698475          800281          

320X180         8               302                      24000           143448          206570          

320X180         9               321                      25000           386823          170108          

320X180         10              354                      27000           198863          399721          

320X180         11              813                      28000           1079178         720877          

320X180         12              842                      31000           1012956         826593          

320X180         13              1786                     33000           1086477         1785450         

320X180         14              551                      40000           519122          420386          

320X180         15              510                      43000           523607          147331          

320X180         16              1244                     46000           1034050         866018          

320X180         17              526                      49000           191773          465805          

320X180         18              2094                     52000           1388117         1693643         

320X180         19              466                      62000           779097          325819          

320X180         20              2417                     63000           2074580         3007596         

Resolution      GOP#            TranscodingTime          Pts             InputSize       outputSize      

320X180         1               2264                     0               3039612         1696132         

320X180         2               573                      9000            106311          505279          

320X180         3               639                      12000           869910          423247          

320X180         4               369                      14000           229217          389269          

320X180         5               460                      15000           580391          366078          

320X180         6               850                      16000           330577          792760          

320X180         7               1041                     19000           698475          800281          

320X180         8               301                      24000           143448          206570          

320X180         9               323                      25000           386823          170108          

320X180         10              360                      27000           198863          399721          

320X180         11              816                      28000           1079178         720877          

320X180         12              820                      31000           1012956         826593          

320X180         13              1818                     33000           1086477         1785450         

320X180         14              570                      40000           519122          420386          

320X180         15              414                      43000           523607          147331          

320X180         16              984                      46000           1034050         866018          

320X180         17              525                      49000           191773          465805          

320X180         18              2139                     52000           1388117         1693643         

320X180         19              475                      62000           779097          325819          

320X180         20              2488                     63000           2074580         3007596         

Resolution      GOP#            TranscodingTime          Pts             InputSize       outputSize      

320X180         1               2293                     0               3039612         1696132         

320X180         2               606                      9000            106311          505279          

320X180         3               665                      12000           869910          423247          

320X180         4               359                      14000           229217          389269          

320X180         5               434                      15000           580391          366078          

320X180         6               814                      16000           330577          792760          

320X180         7               986                      19000           698475          800281          

320X180         8               302                      24000           143448          206570          

320X180         9               320                      25000           386823          170108          

320X180         10              353                      27000           198863          399721          

320X180         11              820                      28000           1079178         720877          

320X180         12              803                      31000           1012956         826593          

320X180         13              1779                     33000           1086477         1785450         

320X180         14              555                      40000           519122          420386          

320X180         15              411                      43000           523607          147331          

320X180         16              968                      46000           1034050         866018          

320X180         17              520                      49000           191773          465805          

320X180         18              2069                     52000           1388117         1693643         

320X180         19              461                      62000           779097          325819          

320X180         20              2390                     63000           2074580         3007596         

