Resolution      GOP#            TranscodingTime          Pts             InputSize       outputSize      

320X180         1               3043                     0               4199705         2766867         

320X180         2               5140                     6000            5962581         5129804         

320X180         3               3415                     16000           3601978         3505587         

320X180         4               3199                     24000           3376929         3480026         

320X180         5               2097                     30000           1799748         2040862         

320X180         6               1983                     33000           1525066         1769898         

320X180         7               476                      38000           324477          412283          

Resolution      GOP#            TranscodingTime          Pts             InputSize       outputSize      

320X180         1               3480                     0               4199705         2766867         

320X180         2               5233                     6000            5962581         5129804         

320X180         3               3443                     16000           3601978         3505587         

320X180         4               3208                     24000           3376929         3480026         

320X180         5               2119                     30000           1799748         2040862         

320X180         6               1917                     33000           1525066         1769898         

320X180         7               464                      38000           324477          412283          

Resolution      GOP#            TranscodingTime          Pts             InputSize       outputSize      

320X180         1               2832                     0               4199705         2766867         

320X180         2               5083                     6000            5962581         5129804         

320X180         3               3469                     16000           3601978         3505587         

320X180         4               3279                     24000           3376929         3480026         

320X180         5               2149                     30000           1799748         2040862         

320X180         6               1977                     33000           1525066         1769898         

320X180         7               474                      38000           324477          412283          

Resolution      GOP#            TranscodingTime          Pts             InputSize       outputSize      

320X180         1               2890                     0               4199705         2766867         

320X180         2               5130                     6000            5962581         5129804         

320X180         3               3464                     16000           3601978         3505587         

320X180         4               3183                     24000           3376929         3480026         

320X180         5               2105                     30000           1799748         2040862         

320X180         6               1960                     33000           1525066         1769898         

320X180         7               472                      38000           324477          412283          

Resolution      GOP#            TranscodingTime          Pts             InputSize       outputSize      

320X180         1               3134                     0               4199705         2766867         

320X180         2               5166                     6000            5962581         5129804         

320X180         3               3589                     16000           3601978         3505587         

320X180         4               3293                     24000           3376929         3480026         

320X180         5               2081                     30000           1799748         2040862         

320X180         6               1897                     33000           1525066         1769898         

320X180         7               461                      38000           324477          412283          

Resolution      GOP#            TranscodingTime          Pts             InputSize       outputSize      

320X180         1               2861                     0               4199705         2766867         

320X180         2               5074                     6000            5962581         5129804         

320X180         3               3611                     16000           3601978         3505587         

320X180         4               3285                     24000           3376929         3480026         

320X180         5               2146                     30000           1799748         2040862         

320X180         6               1963                     33000           1525066         1769898         

320X180         7               476                      38000           324477          412283          

Resolution      GOP#            TranscodingTime          Pts             InputSize       outputSize      

320X180         1               2899                     0               4199705         2766867         

320X180         2               5126                     6000            5962581         5129804         

320X180         3               3443                     16000           3601978         3505587         

320X180         4               3187                     24000           3376929         3480026         

320X180         5               2078                     30000           1799748         2040862         

320X180         6               1911                     33000           1525066         1769898         

320X180         7               474                      38000           324477          412283          

Resolution      GOP#            TranscodingTime          Pts             InputSize       outputSize      

320X180         1               3181                     0               4199705         2766867         

320X180         2               5037                     6000            5962581         5129804         

320X180         3               3435                     16000           3601978         3505587         

320X180         4               3235                     24000           3376929         3480026         

320X180         5               2085                     30000           1799748         2040862         

320X180         6               1910                     33000           1525066         1769898         

320X180         7               466                      38000           324477          412283          

Resolution      GOP#            TranscodingTime          Pts             InputSize       outputSize      

320X180         1               2901                     0               4199705         2766867         

320X180         2               5190                     6000            5962581         5129804         

320X180         3               3574                     16000           3601978         3505587         

320X180         4               3304                     24000           3376929         3480026         

320X180         5               2127                     30000           1799748         2040862         

320X180         6               1985                     33000           1525066         1769898         

320X180         7               470                      38000           324477          412283          

Resolution      GOP#            TranscodingTime          Pts             InputSize       outputSize      

320X180         1               2853                     0               4199705         2766867         

320X180         2               5057                     6000            5962581         5129804         

320X180         3               3464                     16000           3601978         3505587         

320X180         4               3253                     24000           3376929         3480026         

320X180         5               2141                     30000           1799748         2040862         

320X180         6               1934                     33000           1525066         1769898         

320X180         7               477                      38000           324477          412283          

