Resolution      GOP#            TranscodingTime          Pts             InputSize       outputSize      

320X180         1               1852                     0               4199705         169445          

320X180         2               3004                     6000            5962581         288852          

320X180         3               2030                     16000           3601978         199440          

320X180         4               2029                     24000           3376929         232530          

320X180         5               1296                     30000           1799748         121322          

320X180         6               1079                     34000           1525066         77082           

320X180         7               245                      38000           324477          12407           

Resolution      GOP#            TranscodingTime          Pts             InputSize       outputSize      

320X180         1               1869                     0               4199705         169445          

320X180         2               3002                     6000            5962581         288852          

320X180         3               2025                     16000           3601978         199440          

320X180         4               1968                     24000           3376929         232530          

320X180         5               1227                     30000           1799748         121322          

320X180         6               1024                     34000           1525066         77082           

320X180         7               232                      38000           324477          12407           

Resolution      GOP#            TranscodingTime          Pts             InputSize       outputSize      

320X180         1               1816                     0               4199705         169445          

320X180         2               3045                     6000            5962581         288852          

320X180         3               2104                     16000           3601978         199440          

320X180         4               2030                     24000           3376929         232530          

320X180         5               1279                     30000           1799748         121322          

320X180         6               1069                     34000           1525066         77082           

320X180         7               243                      38000           324477          12407           

Resolution      GOP#            TranscodingTime          Pts             InputSize       outputSize      

320X180         1               1896                     0               4199705         169445          

320X180         2               3044                     6000            5962581         288852          

320X180         3               2054                     16000           3601978         199440          

320X180         4               2040                     24000           3376929         232530          

320X180         5               1300                     30000           1799748         121322          

320X180         6               1052                     34000           1525066         77082           

320X180         7               240                      38000           324477          12407           

Resolution      GOP#            TranscodingTime          Pts             InputSize       outputSize      

320X180         1               1824                     0               4199705         169445          

320X180         2               2981                     6000            5962581         288852          

320X180         3               2034                     16000           3601978         199440          

320X180         4               2006                     24000           3376929         232530          

320X180         5               1309                     30000           1799748         121322          

320X180         6               1300                     34000           1525066         77082           

320X180         7               233                      38000           324477          12407           

Resolution      GOP#            TranscodingTime          Pts             InputSize       outputSize      

320X180         1               1885                     0               4199705         169445          

320X180         2               3134                     6000            5962581         288852          

320X180         3               2084                     16000           3601978         199440          

320X180         4               2007                     24000           3376929         232530          

320X180         5               1256                     30000           1799748         121322          

320X180         6               1055                     34000           1525066         77082           

320X180         7               237                      38000           324477          12407           

Resolution      GOP#            TranscodingTime          Pts             InputSize       outputSize      

320X180         1               1897                     0               4199705         169445          

320X180         2               3070                     6000            5962581         288852          

320X180         3               2061                     16000           3601978         199440          

320X180         4               2033                     24000           3376929         232530          

320X180         5               1319                     30000           1799748         121322          

320X180         6               1094                     34000           1525066         77082           

320X180         7               241                      38000           324477          12407           

Resolution      GOP#            TranscodingTime          Pts             InputSize       outputSize      

320X180         1               1862                     0               4199705         169445          

320X180         2               3145                     6000            5962581         288852          

320X180         3               2122                     16000           3601978         199440          

320X180         4               2109                     24000           3376929         232530          

320X180         5               1316                     30000           1799748         121322          

320X180         6               1090                     34000           1525066         77082           

320X180         7               239                      38000           324477          12407           

Resolution      GOP#            TranscodingTime          Pts             InputSize       outputSize      

320X180         1               1906                     0               4199705         169445          

320X180         2               3152                     6000            5962581         288852          

320X180         3               2123                     16000           3601978         199440          

320X180         4               2010                     24000           3376929         232530          

320X180         5               1244                     30000           1799748         121322          

320X180         6               1041                     34000           1525066         77082           

320X180         7               235                      38000           324477          12407           

Resolution      GOP#            TranscodingTime          Pts             InputSize       outputSize      

320X180         1               1878                     0               4199705         169445          

320X180         2               3033                     6000            5962581         288852          

320X180         3               2027                     16000           3601978         199440          

320X180         4               1997                     24000           3376929         232530          

320X180         5               1379                     30000           1799748         121322          

320X180         6               1257                     34000           1525066         77082           

320X180         7               248                      38000           324477          12407           

