Resolution      GOP#            TranscodingTime          Pts             InputSize       outputSize      

320X180         1               386                      0               559300          110886          

320X180         2               640                      2000            463760          310474          

320X180         3               651                      4000            446078          318425          

320X180         4               661                      6000            531405          321026          

320X180         5               680                      8000            454697          392848          

320X180         6               472                      10000           247309          215625          

320X180         7               465                      12000           358423          192253          

320X180         8               335                      14000           258195          210701          

320X180         9               836                      15000           539075          530153          

320X180         10              850                      17000           432662          430294          

320X180         11              785                      19000           464885          318016          

320X180         12              685                      21000           316642          299575          

320X180         13              568                      23000           295292          233878          

320X180         14              533                      25000           174789          227554          

320X180         15              375                      27000           127743          139108          

320X180         16              181                      29000           67966           70075           

320X180         17              423                      30000           164133          203043          

320X180         18              369                      32000           169318          170926          

320X180         19              469                      34000           217121          274763          

320X180         20              540                      36000           231042          327820          

320X180         21              578                      38000           308859          355739          

320X180         22              609                      40000           333274          421731          

320X180         23              548                      42000           231739          415862          

320X180         24              187                      44000           139301          110621          

320X180         25              506                      45000           215682          303805          

320X180         26              459                      47000           153764          302333          

320X180         27              323                      49000           60221           170246          

320X180         28              339                      51000           71315           151910          

320X180         29              449                      53000           424254          225012          

320X180         30              846                      55000           582353          737124          

320X180         31              1058                     57000           1018014         850486          

320X180         32              567                      59000           479808          497530          

320X180         33              949                      60000           1174496         585986          

320X180         34              321                      62000           101063          102345          

320X180         35              168                      64000           101748          15717           

320X180         36              174                      66000           55798           27898           

320X180         37              191                      68000           93361           23756           

320X180         38              260                      70000           255016          90655           

320X180         39              193                      72000           61761           41159           

320X180         40              102                      74000           53304           12835           

320X180         41              302                      75000           159349          61390           

320X180         42              385                      77000           185292          156807          

320X180         43              345                      79000           129017          136751          

320X180         44              299                      81000           88600           100699          

320X180         45              233                      83000           52344           58739           

320X180         46              322                      84000           211098          67844           

320X180         47              685                      86000           875946          432138          

320X180         48              694                      88000           456097          724786          

320X180         49              901                      90000           381189          989512          

320X180         50              565                      92000           275241          400778          

320X180         51              582                      94000           159211          297499          

320X180         52              566                      96000           149617          284777          

320X180         53              503                      98000           149561          229905          

320X180         54              443                      100000          226508          219386          

320X180         55              498                      102000          329765          346811          

320X180         56              256                      104000          122389          195801          

320X180         57              487                      105000          324116          292815          

320X180         58              801                      107000          376919          672362          

320X180         59              990                      108000          316309          794086          

320X180         60              723                      110000          260456          473066          

320X180         61              838                      112000          417955          506561          

320X180         62              1163                     114000          409756          653439          

320X180         63              973                      116000          347501          560404          

320X180         64              531                      118000          185232          284618          

320X180         65              882                      120000          315772          460586          

320X180         66              889                      122000          274141          452015          

320X180         67              787                      124000          256076          411151          

320X180         68              672                      126000          213985          337828          

320X180         69              567                      128000          198398          260619          

320X180         70              566                      130000          255270          283064          

320X180         71              595                      132000          216398          339834          

320X180         72              298                      134000          121182          142036          

320X180         73              788                      135000          720187          387430          

320X180         74              943                      137000          647845          853873          

320X180         75              1066                     139000          646509          732843          

320X180         76              965                      141000          436049          546204          

320X180         77              95                       143000          288             53859           

Resolution      GOP#            TranscodingTime          Pts             InputSize       outputSize      

320X180         1               390                      0               559300          110886          

320X180         2               650                      2000            463760          310474          

320X180         3               642                      4000            446078          318425          

320X180         4               675                      6000            531405          321026          

320X180         5               701                      8000            454697          392848          

320X180         6               481                      10000           247309          215625          

320X180         7               478                      12000           358423          192253          

320X180         8               335                      14000           258195          210701          

320X180         9               830                      15000           539075          530153          

320X180         10              849                      17000           432662          430294          

320X180         11              790                      19000           464885          318016          

320X180         12              692                      21000           316642          299575          

320X180         13              582                      23000           295292          233878          

320X180         14              537                      25000           174789          227554          

320X180         15              367                      27000           127743          139108          

320X180         16              177                      29000           67966           70075           

320X180         17              417                      30000           164133          203043          

320X180         18              370                      32000           169318          170926          

320X180         19              476                      34000           217121          274763          

320X180         20              519                      36000           231042          327820          

320X180         21              560                      38000           308859          355739          

320X180         22              598                      40000           333274          421731          

320X180         23              535                      42000           231739          415862          

320X180         24              187                      44000           139301          110621          

320X180         25              500                      45000           215682          303805          

320X180         26              444                      47000           153764          302333          

320X180         27              321                      49000           60221           170246          

320X180         28              336                      51000           71315           151910          

320X180         29              445                      53000           424254          225012          

320X180         30              837                      55000           582353          737124          

320X180         31              1055                     57000           1018014         850486          

320X180         32              569                      59000           479808          497530          

320X180         33              967                      60000           1174496         585986          

320X180         34              319                      62000           101063          102345          

320X180         35              166                      64000           101748          15717           

320X180         36              174                      66000           55798           27898           

320X180         37              187                      68000           93361           23756           

320X180         38              262                      70000           255016          90655           

320X180         39              189                      72000           61761           41159           

320X180         40              102                      74000           53304           12835           

320X180         41              300                      75000           159349          61390           

320X180         42              395                      77000           185292          156807          

320X180         43              345                      79000           129017          136751          

320X180         44              292                      81000           88600           100699          

320X180         45              220                      83000           52344           58739           

320X180         46              317                      84000           211098          67844           

320X180         47              692                      86000           875946          432138          

320X180         48              705                      88000           456097          724786          

320X180         49              920                      90000           381189          989512          

320X180         50              572                      92000           275241          400778          

320X180         51              593                      94000           159211          297499          

320X180         52              567                      96000           149617          284777          

320X180         53              504                      98000           149561          229905          

320X180         54              444                      100000          226508          219386          

320X180         55              498                      102000          329765          346811          

320X180         56              255                      104000          122389          195801          

320X180         57              481                      105000          324116          292815          

320X180         58              789                      107000          376919          672362          

320X180         59              950                      108000          316309          794086          

320X180         60              686                      110000          260456          473066          

320X180         61              812                      112000          417955          506561          

320X180         62              1148                     114000          409756          653439          

320X180         63              962                      116000          347501          560404          

320X180         64              536                      118000          185232          284618          

320X180         65              885                      120000          315772          460586          

320X180         66              857                      122000          274141          452015          

320X180         67              771                      124000          256076          411151          

320X180         68              679                      126000          213985          337828          

320X180         69              564                      128000          198398          260619          

320X180         70              555                      130000          255270          283064          

320X180         71              579                      132000          216398          339834          

320X180         72              285                      134000          121182          142036          

320X180         73              778                      135000          720187          387430          

320X180         74              942                      137000          647845          853873          

320X180         75              875                      139000          646509          732843          

320X180         76              858                      141000          436049          546204          

320X180         77              95                       143000          288             53859           

Resolution      GOP#            TranscodingTime          Pts             InputSize       outputSize      

320X180         1               391                      0               559300          110886          

320X180         2               638                      2000            463760          310474          

320X180         3               621                      4000            446078          318425          

320X180         4               646                      6000            531405          321026          

320X180         5               663                      8000            454697          392848          

320X180         6               460                      10000           247309          215625          

320X180         7               466                      12000           358423          192253          

320X180         8               328                      14000           258195          210701          

320X180         9               810                      15000           539075          530153          

320X180         10              844                      17000           432662          430294          

320X180         11              752                      19000           464885          318016          

320X180         12              656                      21000           316642          299575          

320X180         13              553                      23000           295292          233878          

320X180         14              516                      25000           174789          227554          

320X180         15              362                      27000           127743          139108          

320X180         16              175                      29000           67966           70075           

320X180         17              414                      30000           164133          203043          

320X180         18              358                      32000           169318          170926          

320X180         19              455                      34000           217121          274763          

320X180         20              510                      36000           231042          327820          

320X180         21              549                      38000           308859          355739          

320X180         22              597                      40000           333274          421731          

320X180         23              540                      42000           231739          415862          

320X180         24              183                      44000           139301          110621          

320X180         25              486                      45000           215682          303805          

320X180         26              437                      47000           153764          302333          

320X180         27              316                      49000           60221           170246          

320X180         28              333                      51000           71315           151910          

320X180         29              428                      53000           424254          225012          

320X180         30              821                      55000           582353          737124          

320X180         31              1562                     57000           1018014         850486          

320X180         32              566                      59000           479808          497530          

320X180         33              952                      60000           1174496         585986          

320X180         34              317                      62000           101063          102345          

320X180         35              165                      64000           101748          15717           

320X180         36              177                      66000           55798           27898           

320X180         37              187                      68000           93361           23756           

320X180         38              261                      70000           255016          90655           

320X180         39              193                      72000           61761           41159           

320X180         40              102                      74000           53304           12835           

320X180         41              301                      75000           159349          61390           

320X180         42              393                      77000           185292          156807          

320X180         43              350                      79000           129017          136751          

320X180         44              291                      81000           88600           100699          

320X180         45              220                      83000           52344           58739           

320X180         46              315                      84000           211098          67844           

320X180         47              692                      86000           875946          432138          

320X180         48              687                      88000           456097          724786          

320X180         49              917                      90000           381189          989512          

320X180         50              572                      92000           275241          400778          

320X180         51              588                      94000           159211          297499          

320X180         52              570                      96000           149617          284777          

320X180         53              512                      98000           149561          229905          

320X180         54              450                      100000          226508          219386          

320X180         55              495                      102000          329765          346811          

320X180         56              250                      104000          122389          195801          

320X180         57              464                      105000          324116          292815          

320X180         58              761                      107000          376919          672362          

320X180         59              941                      108000          316309          794086          

320X180         60              681                      110000          260456          473066          

320X180         61              792                      112000          417955          506561          

320X180         62              1108                     114000          409756          653439          

320X180         63              923                      116000          347501          560404          

320X180         64              515                      118000          185232          284618          

320X180         65              851                      120000          315772          460586          

320X180         66              836                      122000          274141          452015          

320X180         67              777                      124000          256076          411151          

320X180         68              664                      126000          213985          337828          

320X180         69              549                      128000          198398          260619          

320X180         70              546                      130000          255270          283064          

320X180         71              565                      132000          216398          339834          

320X180         72              285                      134000          121182          142036          

320X180         73              766                      135000          720187          387430          

320X180         74              938                      137000          647845          853873          

320X180         75              885                      139000          646509          732843          

320X180         76              872                      141000          436049          546204          

320X180         77              95                       143000          288             53859           

Resolution      GOP#            TranscodingTime          Pts             InputSize       outputSize      

320X180         1               389                      0               559300          110886          

320X180         2               649                      2000            463760          310474          

320X180         3               638                      4000            446078          318425          

320X180         4               650                      6000            531405          321026          

320X180         5               669                      8000            454697          392848          

320X180         6               468                      10000           247309          215625          

320X180         7               468                      12000           358423          192253          

320X180         8               332                      14000           258195          210701          

320X180         9               825                      15000           539075          530153          

320X180         10              813                      17000           432662          430294          

320X180         11              756                      19000           464885          318016          

320X180         12              673                      21000           316642          299575          

320X180         13              570                      23000           295292          233878          

320X180         14              533                      25000           174789          227554          

320X180         15              365                      27000           127743          139108          

320X180         16              172                      29000           67966           70075           

320X180         17              410                      30000           164133          203043          

320X180         18              364                      32000           169318          170926          

320X180         19              463                      34000           217121          274763          

320X180         20              505                      36000           231042          327820          

320X180         21              545                      38000           308859          355739          

320X180         22              581                      40000           333274          421731          

320X180         23              528                      42000           231739          415862          

320X180         24              182                      44000           139301          110621          

320X180         25              491                      45000           215682          303805          

320X180         26              432                      47000           153764          302333          

320X180         27              311                      49000           60221           170246          

320X180         28              336                      51000           71315           151910          

320X180         29              440                      53000           424254          225012          

320X180         30              846                      55000           582353          737124          

320X180         31              1069                     57000           1018014         850486          

320X180         32              549                      59000           479808          497530          

320X180         33              931                      60000           1174496         585986          

320X180         34              315                      62000           101063          102345          

320X180         35              163                      64000           101748          15717           

320X180         36              174                      66000           55798           27898           

320X180         37              181                      68000           93361           23756           

320X180         38              253                      70000           255016          90655           

320X180         39              192                      72000           61761           41159           

320X180         40              102                      74000           53304           12835           

320X180         41              296                      75000           159349          61390           

320X180         42              391                      77000           185292          156807          

320X180         43              341                      79000           129017          136751          

320X180         44              294                      81000           88600           100699          

320X180         45              220                      83000           52344           58739           

320X180         46              312                      84000           211098          67844           

320X180         47              682                      86000           875946          432138          

320X180         48              672                      88000           456097          724786          

320X180         49              902                      90000           381189          989512          

320X180         50              549                      92000           275241          400778          

320X180         51              573                      94000           159211          297499          

320X180         52              547                      96000           149617          284777          

320X180         53              492                      98000           149561          229905          

320X180         54              441                      100000          226508          219386          

320X180         55              484                      102000          329765          346811          

320X180         56              252                      104000          122389          195801          

320X180         57              467                      105000          324116          292815          

320X180         58              772                      107000          376919          672362          

320X180         59              953                      108000          316309          794086          

320X180         60              727                      110000          260456          473066          

320X180         61              805                      112000          417955          506561          

320X180         62              1105                     114000          409756          653439          

320X180         63              941                      116000          347501          560404          

320X180         64              525                      118000          185232          284618          

320X180         65              1011                     120000          315772          460586          

320X180         66              961                      122000          274141          452015          

320X180         67              781                      124000          256076          411151          

320X180         68              691                      126000          213985          337828          

320X180         69              569                      128000          198398          260619          

320X180         70              562                      130000          255270          283064          

320X180         71              589                      132000          216398          339834          

320X180         72              292                      134000          121182          142036          

320X180         73              779                      135000          720187          387430          

320X180         74              925                      137000          647845          853873          

320X180         75              884                      139000          646509          732843          

320X180         76              865                      141000          436049          546204          

320X180         77              95                       143000          288             53859           

Resolution      GOP#            TranscodingTime          Pts             InputSize       outputSize      

320X180         1               389                      0               559300          110886          

320X180         2               651                      2000            463760          310474          

320X180         3               641                      4000            446078          318425          

320X180         4               663                      6000            531405          321026          

320X180         5               676                      8000            454697          392848          

320X180         6               456                      10000           247309          215625          

320X180         7               465                      12000           358423          192253          

320X180         8               324                      14000           258195          210701          

320X180         9               834                      15000           539075          530153          

320X180         10              826                      17000           432662          430294          

320X180         11              759                      19000           464885          318016          

320X180         12              663                      21000           316642          299575          

320X180         13              569                      23000           295292          233878          

320X180         14              532                      25000           174789          227554          

320X180         15              362                      27000           127743          139108          

320X180         16              174                      29000           67966           70075           

320X180         17              411                      30000           164133          203043          

320X180         18              365                      32000           169318          170926          

320X180         19              470                      34000           217121          274763          

320X180         20              525                      36000           231042          327820          

320X180         21              556                      38000           308859          355739          

320X180         22              593                      40000           333274          421731          

320X180         23              548                      42000           231739          415862          

320X180         24              187                      44000           139301          110621          

320X180         25              500                      45000           215682          303805          

320X180         26              437                      47000           153764          302333          

320X180         27              321                      49000           60221           170246          

320X180         28              328                      51000           71315           151910          

320X180         29              443                      53000           424254          225012          

320X180         30              833                      55000           582353          737124          

320X180         31              1038                     57000           1018014         850486          

320X180         32              552                      59000           479808          497530          

320X180         33              923                      60000           1174496         585986          

320X180         34              308                      62000           101063          102345          

320X180         35              164                      64000           101748          15717           

320X180         36              168                      66000           55798           27898           

320X180         37              184                      68000           93361           23756           

320X180         38              256                      70000           255016          90655           

320X180         39              187                      72000           61761           41159           

320X180         40              101                      74000           53304           12835           

320X180         41              290                      75000           159349          61390           

320X180         42              389                      77000           185292          156807          

320X180         43              352                      79000           129017          136751          

320X180         44              300                      81000           88600           100699          

320X180         45              224                      83000           52344           58739           

320X180         46              312                      84000           211098          67844           

320X180         47              665                      86000           875946          432138          

320X180         48              673                      88000           456097          724786          

320X180         49              883                      90000           381189          989512          

320X180         50              553                      92000           275241          400778          

320X180         51              573                      94000           159211          297499          

320X180         52              555                      96000           149617          284777          

320X180         53              490                      98000           149561          229905          

320X180         54              441                      100000          226508          219386          

320X180         55              487                      102000          329765          346811          

320X180         56              249                      104000          122389          195801          

320X180         57              469                      105000          324116          292815          

320X180         58              769                      107000          376919          672362          

320X180         59              965                      108000          316309          794086          

320X180         60              708                      110000          260456          473066          

320X180         61              803                      112000          417955          506561          

320X180         62              1101                     114000          409756          653439          

320X180         63              931                      116000          347501          560404          

320X180         64              532                      118000          185232          284618          

320X180         65              853                      120000          315772          460586          

320X180         66              833                      122000          274141          452015          

320X180         67              751                      124000          256076          411151          

320X180         68              669                      126000          213985          337828          

320X180         69              540                      128000          198398          260619          

320X180         70              545                      130000          255270          283064          

320X180         71              567                      132000          216398          339834          

320X180         72              279                      134000          121182          142036          

320X180         73              766                      135000          720187          387430          

320X180         74              936                      137000          647845          853873          

320X180         75              856                      139000          646509          732843          

320X180         76              833                      141000          436049          546204          

320X180         77              90                       143000          288             53859           

Resolution      GOP#            TranscodingTime          Pts             InputSize       outputSize      

320X180         1               373                      0               559300          110886          

320X180         2               621                      2000            463760          310474          

320X180         3               612                      4000            446078          318425          

320X180         4               636                      6000            531405          321026          

320X180         5               657                      8000            454697          392848          

320X180         6               455                      10000           247309          215625          

320X180         7               453                      12000           358423          192253          

320X180         8               324                      14000           258195          210701          

320X180         9               798                      15000           539075          530153          

320X180         10              805                      17000           432662          430294          

320X180         11              734                      19000           464885          318016          

320X180         12              657                      21000           316642          299575          

320X180         13              555                      23000           295292          233878          

320X180         14              522                      25000           174789          227554          

320X180         15              357                      27000           127743          139108          

320X180         16              169                      29000           67966           70075           

320X180         17              409                      30000           164133          203043          

320X180         18              481                      32000           169318          170926          

320X180         19              810                      34000           217121          274763          

320X180         20              539                      36000           231042          327820          

320X180         21              576                      38000           308859          355739          

320X180         22              602                      40000           333274          421731          

320X180         23              546                      42000           231739          415862          

320X180         24              189                      44000           139301          110621          

320X180         25              497                      45000           215682          303805          

320X180         26              434                      47000           153764          302333          

320X180         27              309                      49000           60221           170246          

320X180         28              329                      51000           71315           151910          

320X180         29              423                      53000           424254          225012          

320X180         30              831                      55000           582353          737124          

320X180         31              1030                     57000           1018014         850486          

320X180         32              537                      59000           479808          497530          

320X180         33              907                      60000           1174496         585986          

320X180         34              308                      62000           101063          102345          

320X180         35              160                      64000           101748          15717           

320X180         36              166                      66000           55798           27898           

320X180         37              183                      68000           93361           23756           

320X180         38              252                      70000           255016          90655           

320X180         39              188                      72000           61761           41159           

320X180         40              100                      74000           53304           12835           

320X180         41              289                      75000           159349          61390           

320X180         42              385                      77000           185292          156807          

320X180         43              381                      79000           129017          136751          

320X180         44              289                      81000           88600           100699          

320X180         45              221                      83000           52344           58739           

320X180         46              315                      84000           211098          67844           

320X180         47              696                      86000           875946          432138          

320X180         48              707                      88000           456097          724786          

320X180         49              922                      90000           381189          989512          

320X180         50              578                      92000           275241          400778          

320X180         51              594                      94000           159211          297499          

320X180         52              569                      96000           149617          284777          

320X180         53              505                      98000           149561          229905          

320X180         54              447                      100000          226508          219386          

320X180         55              493                      102000          329765          346811          

320X180         56              256                      104000          122389          195801          

320X180         57              482                      105000          324116          292815          

320X180         58              800                      107000          376919          672362          

320X180         59              978                      108000          316309          794086          

320X180         60              702                      110000          260456          473066          

320X180         61              819                      112000          417955          506561          

320X180         62              1118                     114000          409756          653439          

320X180         63              959                      116000          347501          560404          

320X180         64              517                      118000          185232          284618          

320X180         65              850                      120000          315772          460586          

320X180         66              861                      122000          274141          452015          

320X180         67              770                      124000          256076          411151          

320X180         68              670                      126000          213985          337828          

320X180         69              559                      128000          198398          260619          

320X180         70              550                      130000          255270          283064          

320X180         71              571                      132000          216398          339834          

320X180         72              298                      134000          121182          142036          

320X180         73              814                      135000          720187          387430          

320X180         74              937                      137000          647845          853873          

320X180         75              859                      139000          646509          732843          

320X180         76              844                      141000          436049          546204          

320X180         77              95                       143000          288             53859           

Resolution      GOP#            TranscodingTime          Pts             InputSize       outputSize      

320X180         1               387                      0               559300          110886          

320X180         2               622                      2000            463760          310474          

320X180         3               617                      4000            446078          318425          

320X180         4               645                      6000            531405          321026          

320X180         5               659                      8000            454697          392848          

320X180         6               462                      10000           247309          215625          

320X180         7               453                      12000           358423          192253          

320X180         8               318                      14000           258195          210701          

320X180         9               802                      15000           539075          530153          

320X180         10              802                      17000           432662          430294          

320X180         11              728                      19000           464885          318016          

320X180         12              656                      21000           316642          299575          

320X180         13              556                      23000           295292          233878          

320X180         14              515                      25000           174789          227554          

320X180         15              351                      27000           127743          139108          

320X180         16              169                      29000           67966           70075           

320X180         17              400                      30000           164133          203043          

320X180         18              357                      32000           169318          170926          

320X180         19              471                      34000           217121          274763          

320X180         20              524                      36000           231042          327820          

320X180         21              550                      38000           308859          355739          

320X180         22              570                      40000           333274          421731          

320X180         23              527                      42000           231739          415862          

320X180         24              180                      44000           139301          110621          

320X180         25              487                      45000           215682          303805          

320X180         26              431                      47000           153764          302333          

320X180         27              313                      49000           60221           170246          

320X180         28              328                      51000           71315           151910          

320X180         29              424                      53000           424254          225012          

320X180         30              826                      55000           582353          737124          

320X180         31              1026                     57000           1018014         850486          

320X180         32              539                      59000           479808          497530          

320X180         33              901                      60000           1174496         585986          

320X180         34              305                      62000           101063          102345          

320X180         35              157                      64000           101748          15717           

320X180         36              170                      66000           55798           27898           

320X180         37              175                      68000           93361           23756           

320X180         38              247                      70000           255016          90655           

320X180         39              182                      72000           61761           41159           

320X180         40              97                       74000           53304           12835           

320X180         41              288                      75000           159349          61390           

320X180         42              376                      77000           185292          156807          

320X180         43              340                      79000           129017          136751          

320X180         44              292                      81000           88600           100699          

320X180         45              219                      83000           52344           58739           

320X180         46              312                      84000           211098          67844           

320X180         47              679                      86000           875946          432138          

320X180         48              692                      88000           456097          724786          

320X180         49              912                      90000           381189          989512          

320X180         50              560                      92000           275241          400778          

320X180         51              579                      94000           159211          297499          

320X180         52              546                      96000           149617          284777          

320X180         53              490                      98000           149561          229905          

320X180         54              437                      100000          226508          219386          

320X180         55              504                      102000          329765          346811          

320X180         56              249                      104000          122389          195801          

320X180         57              498                      105000          324116          292815          

320X180         58              936                      107000          376919          672362          

320X180         59              959                      108000          316309          794086          

320X180         60              702                      110000          260456          473066          

320X180         61              821                      112000          417955          506561          

320X180         62              1109                     114000          409756          653439          

320X180         63              927                      116000          347501          560404          

320X180         64              539                      118000          185232          284618          

320X180         65              872                      120000          315772          460586          

320X180         66              861                      122000          274141          452015          

320X180         67              752                      124000          256076          411151          

320X180         68              662                      126000          213985          337828          

320X180         69              543                      128000          198398          260619          

320X180         70              545                      130000          255270          283064          

320X180         71              576                      132000          216398          339834          

320X180         72              286                      134000          121182          142036          

320X180         73              763                      135000          720187          387430          

320X180         74              910                      137000          647845          853873          

320X180         75              884                      139000          646509          732843          

320X180         76              866                      141000          436049          546204          

320X180         77              97                       143000          288             53859           

Resolution      GOP#            TranscodingTime          Pts             InputSize       outputSize      

320X180         1               390                      0               559300          110886          

320X180         2               637                      2000            463760          310474          

320X180         3               616                      4000            446078          318425          

320X180         4               635                      6000            531405          321026          

320X180         5               660                      8000            454697          392848          

320X180         6               459                      10000           247309          215625          

320X180         7               467                      12000           358423          192253          

320X180         8               325                      14000           258195          210701          

320X180         9               806                      15000           539075          530153          

320X180         10              799                      17000           432662          430294          

320X180         11              743                      19000           464885          318016          

320X180         12              668                      21000           316642          299575          

320X180         13              570                      23000           295292          233878          

320X180         14              517                      25000           174789          227554          

320X180         15              355                      27000           127743          139108          

320X180         16              173                      29000           67966           70075           

320X180         17              403                      30000           164133          203043          

320X180         18              358                      32000           169318          170926          

320X180         19              469                      34000           217121          274763          

320X180         20              524                      36000           231042          327820          

320X180         21              562                      38000           308859          355739          

320X180         22              590                      40000           333274          421731          

320X180         23              536                      42000           231739          415862          

320X180         24              187                      44000           139301          110621          

320X180         25              515                      45000           215682          303805          

320X180         26              435                      47000           153764          302333          

320X180         27              318                      49000           60221           170246          

320X180         28              333                      51000           71315           151910          

320X180         29              430                      53000           424254          225012          

320X180         30              846                      55000           582353          737124          

320X180         31              1080                     57000           1018014         850486          

320X180         32              555                      59000           479808          497530          

320X180         33              922                      60000           1174496         585986          

320X180         34              309                      62000           101063          102345          

320X180         35              164                      64000           101748          15717           

320X180         36              175                      66000           55798           27898           

320X180         37              189                      68000           93361           23756           

320X180         38              259                      70000           255016          90655           

320X180         39              186                      72000           61761           41159           

320X180         40              100                      74000           53304           12835           

320X180         41              292                      75000           159349          61390           

320X180         42              381                      77000           185292          156807          

320X180         43              339                      79000           129017          136751          

320X180         44              286                      81000           88600           100699          

320X180         45              216                      83000           52344           58739           

320X180         46              314                      84000           211098          67844           

320X180         47              686                      86000           875946          432138          

320X180         48              683                      88000           456097          724786          

320X180         49              925                      90000           381189          989512          

320X180         50              567                      92000           275241          400778          

320X180         51              575                      94000           159211          297499          

320X180         52              564                      96000           149617          284777          

320X180         53              504                      98000           149561          229905          

320X180         54              453                      100000          226508          219386          

320X180         55              500                      102000          329765          346811          

320X180         56              250                      104000          122389          195801          

320X180         57              466                      105000          324116          292815          

320X180         58              768                      107000          376919          672362          

320X180         59              942                      108000          316309          794086          

320X180         60              694                      110000          260456          473066          

320X180         61              816                      112000          417955          506561          

320X180         62              1111                     114000          409756          653439          

320X180         63              961                      116000          347501          560404          

320X180         64              540                      118000          185232          284618          

320X180         65              864                      120000          315772          460586          

320X180         66              852                      122000          274141          452015          

320X180         67              774                      124000          256076          411151          

320X180         68              676                      126000          213985          337828          

320X180         69              563                      128000          198398          260619          

320X180         70              558                      130000          255270          283064          

320X180         71              583                      132000          216398          339834          

320X180         72              285                      134000          121182          142036          

320X180         73              774                      135000          720187          387430          

320X180         74              928                      137000          647845          853873          

320X180         75              868                      139000          646509          732843          

320X180         76              853                      141000          436049          546204          

320X180         77              95                       143000          288             53859           

Resolution      GOP#            TranscodingTime          Pts             InputSize       outputSize      

320X180         1               378                      0               559300          110886          

320X180         2               642                      2000            463760          310474          

320X180         3               629                      4000            446078          318425          

320X180         4               657                      6000            531405          321026          

320X180         5               682                      8000            454697          392848          

320X180         6               519                      10000           247309          215625          

320X180         7               598                      12000           358423          192253          

320X180         8               388                      14000           258195          210701          

320X180         9               838                      15000           539075          530153          

320X180         10              840                      17000           432662          430294          

320X180         11              770                      19000           464885          318016          

320X180         12              683                      21000           316642          299575          

320X180         13              592                      23000           295292          233878          

320X180         14              548                      25000           174789          227554          

320X180         15              373                      27000           127743          139108          

320X180         16              179                      29000           67966           70075           

320X180         17              419                      30000           164133          203043          

320X180         18              373                      32000           169318          170926          

320X180         19              475                      34000           217121          274763          

320X180         20              536                      36000           231042          327820          

320X180         21              569                      38000           308859          355739          

320X180         22              600                      40000           333274          421731          

320X180         23              550                      42000           231739          415862          

320X180         24              191                      44000           139301          110621          

320X180         25              507                      45000           215682          303805          

320X180         26              445                      47000           153764          302333          

320X180         27              322                      49000           60221           170246          

320X180         28              335                      51000           71315           151910          

320X180         29              438                      53000           424254          225012          

320X180         30              842                      55000           582353          737124          

320X180         31              1072                     57000           1018014         850486          

320X180         32              564                      59000           479808          497530          

320X180         33              954                      60000           1174496         585986          

320X180         34              319                      62000           101063          102345          

320X180         35              169                      64000           101748          15717           

320X180         36              175                      66000           55798           27898           

320X180         37              189                      68000           93361           23756           

320X180         38              260                      70000           255016          90655           

320X180         39              192                      72000           61761           41159           

320X180         40              102                      74000           53304           12835           

320X180         41              295                      75000           159349          61390           

320X180         42              383                      77000           185292          156807          

320X180         43              341                      79000           129017          136751          

320X180         44              292                      81000           88600           100699          

320X180         45              216                      83000           52344           58739           

320X180         46              311                      84000           211098          67844           

320X180         47              700                      86000           875946          432138          

320X180         48              710                      88000           456097          724786          

320X180         49              902                      90000           381189          989512          

320X180         50              554                      92000           275241          400778          

320X180         51              582                      94000           159211          297499          

320X180         52              552                      96000           149617          284777          

320X180         53              495                      98000           149561          229905          

320X180         54              445                      100000          226508          219386          

320X180         55              499                      102000          329765          346811          

320X180         56              252                      104000          122389          195801          

320X180         57              475                      105000          324116          292815          

320X180         58              786                      107000          376919          672362          

320X180         59              972                      108000          316309          794086          

320X180         60              705                      110000          260456          473066          

320X180         61              820                      112000          417955          506561          

320X180         62              1114                     114000          409756          653439          

320X180         63              952                      116000          347501          560404          

320X180         64              518                      118000          185232          284618          

320X180         65              855                      120000          315772          460586          

320X180         66              828                      122000          274141          452015          

320X180         67              744                      124000          256076          411151          

320X180         68              649                      126000          213985          337828          

320X180         69              540                      128000          198398          260619          

320X180         70              551                      130000          255270          283064          

320X180         71              581                      132000          216398          339834          

320X180         72              286                      134000          121182          142036          

320X180         73              784                      135000          720187          387430          

320X180         74              912                      137000          647845          853873          

320X180         75              874                      139000          646509          732843          

320X180         76              859                      141000          436049          546204          

320X180         77              92                       143000          288             53859           

Resolution      GOP#            TranscodingTime          Pts             InputSize       outputSize      

320X180         1               398                      0               559300          110886          

320X180         2               642                      2000            463760          310474          

320X180         3               619                      4000            446078          318425          

320X180         4               650                      6000            531405          321026          

320X180         5               675                      8000            454697          392848          

320X180         6               451                      10000           247309          215625          

320X180         7               458                      12000           358423          192253          

320X180         8               323                      14000           258195          210701          

320X180         9               802                      15000           539075          530153          

320X180         10              803                      17000           432662          430294          

320X180         11              748                      19000           464885          318016          

320X180         12              669                      21000           316642          299575          

320X180         13              562                      23000           295292          233878          

320X180         14              519                      25000           174789          227554          

320X180         15              358                      27000           127743          139108          

320X180         16              169                      29000           67966           70075           

320X180         17              404                      30000           164133          203043          

320X180         18              360                      32000           169318          170926          

320X180         19              456                      34000           217121          274763          

320X180         20              515                      36000           231042          327820          

320X180         21              552                      38000           308859          355739          

320X180         22              583                      40000           333274          421731          

320X180         23              531                      42000           231739          415862          

320X180         24              187                      44000           139301          110621          

320X180         25              489                      45000           215682          303805          

320X180         26              432                      47000           153764          302333          

320X180         27              313                      49000           60221           170246          

320X180         28              330                      51000           71315           151910          

320X180         29              435                      53000           424254          225012          

320X180         30              813                      55000           582353          737124          

320X180         31              1031                     57000           1018014         850486          

320X180         32              543                      59000           479808          497530          

320X180         33              913                      60000           1174496         585986          

320X180         34              313                      62000           101063          102345          

320X180         35              165                      64000           101748          15717           

320X180         36              171                      66000           55798           27898           

320X180         37              183                      68000           93361           23756           

320X180         38              249                      70000           255016          90655           

320X180         39              185                      72000           61761           41159           

320X180         40              98                       74000           53304           12835           

320X180         41              288                      75000           159349          61390           

320X180         42              387                      77000           185292          156807          

320X180         43              331                      79000           129017          136751          

320X180         44              291                      81000           88600           100699          

320X180         45              227                      83000           52344           58739           

320X180         46              523                      84000           211098          67844           

320X180         47              1011                     86000           875946          432138          

320X180         48              703                      88000           456097          724786          

320X180         49              921                      90000           381189          989512          

320X180         50              572                      92000           275241          400778          

320X180         51              588                      94000           159211          297499          

320X180         52              569                      96000           149617          284777          

320X180         53              515                      98000           149561          229905          

320X180         54              460                      100000          226508          219386          

320X180         55              510                      102000          329765          346811          

320X180         56              258                      104000          122389          195801          

320X180         57              487                      105000          324116          292815          

320X180         58              797                      107000          376919          672362          

320X180         59              973                      108000          316309          794086          

320X180         60              699                      110000          260456          473066          

320X180         61              802                      112000          417955          506561          

320X180         62              1094                     114000          409756          653439          

320X180         63              950                      116000          347501          560404          

320X180         64              530                      118000          185232          284618          

320X180         65              864                      120000          315772          460586          

320X180         66              845                      122000          274141          452015          

320X180         67              773                      124000          256076          411151          

320X180         68              682                      126000          213985          337828          

320X180         69              562                      128000          198398          260619          

320X180         70              547                      130000          255270          283064          

320X180         71              566                      132000          216398          339834          

320X180         72              285                      134000          121182          142036          

320X180         73              760                      135000          720187          387430          

320X180         74              916                      137000          647845          853873          

320X180         75              856                      139000          646509          732843          

320X180         76              837                      141000          436049          546204          

320X180         77              91                       143000          288             53859           

