Resolution      GOP#            TranscodingTime          Pts             InputSize       outputSize      

320X180         1               133                      0               34749           0               

320X180         2               1210                     1000            1370394         457775          

320X180         3               1845                     4000            2008230         1204547         

320X180         4               854                      7000            871293          713926          

320X180         5               1907                     8000            1592383         1801914         

320X180         6               697                      11000           485032          616682          

320X180         7               1848                     12000           1855207         1373579         

320X180         8               1983                     15000           1655071         1515781         

320X180         9               1601                     18000           1313744         1199390         

320X180         10              1560                     21000           1714160         1031156         

320X180         11              864                      24000           892156          638854          

320X180         12              1012                     26000           825613          876193          

320X180         13              1706                     27000           1312588         1021611         

320X180         14              903                      30000           758019          622853          

320X180         15              1281                     32000           958960          1011888         

320X180         16              1699                     34000           1465413         1330983         

320X180         17              1782                     37000           1664039         1105571         

320X180         18              687                      40000           735085          446070          

320X180         19              937                      41000           1048115         600751          

320X180         20              1747                     42000           1206694         1188486         

320X180         21              1728                     45000           1762060         1053658         

320X180         22              871                      48000           928168          574988          

320X180         23              1092                     50000           1059902         683536          

320X180         24              1026                     51000           710174          696452          

320X180         25              863                      53000           528277          593491          

320X180         26              1734                     55000           1414942         1007653         

320X180         27              626                      58000           806880          343387          

320X180         28              681                      59000           715076          420737          

320X180         29              792                      60000           749475          504399          

320X180         30              1371                     61000           1347645         804465          

320X180         31              1068                     63000           975676          680959          

320X180         32              735                      65000           560554          491007          

320X180         33              1800                     66000           1379116         1092206         

320X180         34              597                      69000           402662          408187          

320X180         35              555                      70000           358367          353826          

320X180         36              1638                     71000           1136366         951644          

320X180         37              1527                     74000           1142927         899635          

320X180         38              575                      77000           678286          278144          

320X180         39              1564                     78000           1525855         912848          

320X180         40              1877                     80000           1991764         1158636         

320X180         41              2541                     83000           2112576         1206684         

320X180         42              2084                     86000           2006228         1246651         

320X180         43              1169                     89000           1128067         749741          

320X180         44              1387                     91000           1595312         861428          

320X180         45              870                      93000           924539          591053          

320X180         46              952                      94000           604484          788000          

320X180         47              755                      96000           470157          465533          

320X180         48              1380                     97000           1209446         752787          

320X180         49              1568                     99000           1348802         1128968         

320X180         50              1184                     102000          287033          1089407         

320X180         51              387                      105000          76009           9887            

320X180         52              401                      108000          134186          1780            

320X180         53              260                      111000          9309            17059           

Resolution      GOP#            TranscodingTime          Pts             InputSize       outputSize      

320X180         1               100                      0               34749           0               

320X180         2               1192                     1000            1370394         457775          

320X180         3               1833                     4000            2008230         1204547         

320X180         4               849                      7000            871293          713926          

320X180         5               1916                     8000            1592383         1801914         

320X180         6               704                      11000           485032          616682          

320X180         7               1843                     12000           1855207         1373579         

320X180         8               1972                     15000           1655071         1515781         

320X180         9               1611                     18000           1313744         1199390         

320X180         10              1564                     21000           1714160         1031156         

320X180         11              864                      24000           892156          638854          

320X180         12              1009                     26000           825613          876193          

320X180         13              1694                     27000           1312588         1021611         

320X180         14              890                      30000           758019          622853          

320X180         15              1275                     32000           958960          1011888         

320X180         16              1697                     34000           1465413         1330983         

320X180         17              1808                     37000           1664039         1105571         

320X180         18              690                      40000           735085          446070          

320X180         19              929                      41000           1048115         600751          

320X180         20              1756                     42000           1206694         1188486         

320X180         21              1762                     45000           1762060         1053658         

320X180         22              864                      48000           928168          574988          

320X180         23              1096                     50000           1059902         683536          

320X180         24              1007                     51000           710174          696452          

320X180         25              853                      53000           528277          593491          

320X180         26              1728                     55000           1414942         1007653         

320X180         27              616                      58000           806880          343387          

320X180         28              675                      59000           715076          420737          

320X180         29              781                      60000           749475          504399          

320X180         30              1369                     61000           1347645         804465          

320X180         31              1065                     63000           975676          680959          

320X180         32              728                      65000           560554          491007          

320X180         33              1732                     66000           1379116         1092206         

320X180         34              586                      69000           402662          408187          

320X180         35              544                      70000           358367          353826          

320X180         36              1590                     71000           1136366         951644          

320X180         37              1493                     74000           1142927         899635          

320X180         38              564                      77000           678286          278144          

320X180         39              1763                     78000           1525855         912848          

320X180         40              2032                     80000           1991764         1158636         

320X180         41              2017                     83000           2112576         1206684         

320X180         42              2073                     86000           2006228         1246651         

320X180         43              1139                     89000           1128067         749741          

320X180         44              1363                     91000           1595312         861428          

320X180         45              845                      93000           924539          591053          

320X180         46              946                      94000           604484          788000          

320X180         47              735                      96000           470157          465533          

320X180         48              1364                     97000           1209446         752787          

320X180         49              1565                     99000           1348802         1128968         

320X180         50              1188                     102000          287033          1089407         

320X180         51              353                      105000          76009           9887            

320X180         52              351                      108000          134186          1780            

320X180         53              225                      111000          9309            17059           

Resolution      GOP#            TranscodingTime          Pts             InputSize       outputSize      

320X180         1               105                      0               34749           0               

320X180         2               1041                     1000            1370394         457775          

320X180         3               1670                     4000            2008230         1204547         

320X180         4               782                      7000            871293          713926          

320X180         5               1744                     8000            1592383         1801914         

320X180         6               640                      11000           485032          616682          

320X180         7               1688                     12000           1855207         1373579         

320X180         8               1843                     15000           1655071         1515781         

320X180         9               1443                     18000           1313744         1199390         

320X180         10              1393                     21000           1714160         1031156         

320X180         11              837                      24000           892156          638854          

320X180         12              979                      26000           825613          876193          

320X180         13              1598                     27000           1312588         1021611         

320X180         14              839                      30000           758019          622853          

320X180         15              1218                     32000           958960          1011888         

320X180         16              1643                     34000           1465413         1330983         

320X180         17              1716                     37000           1664039         1105571         

320X180         18              661                      40000           735085          446070          

320X180         19              897                      41000           1048115         600751          

320X180         20              1643                     42000           1206694         1188486         

320X180         21              1616                     45000           1762060         1053658         

320X180         22              801                      48000           928168          574988          

320X180         23              1020                     50000           1059902         683536          

320X180         24              955                      51000           710174          696452          

320X180         25              844                      53000           528277          593491          

320X180         26              1572                     55000           1414942         1007653         

320X180         27              578                      58000           806880          343387          

320X180         28              634                      59000           715076          420737          

320X180         29              723                      60000           749475          504399          

320X180         30              1285                     61000           1347645         804465          

320X180         31              989                      63000           975676          680959          

320X180         32              680                      65000           560554          491007          

320X180         33              1664                     66000           1379116         1092206         

320X180         34              562                      69000           402662          408187          

320X180         35              511                      70000           358367          353826          

320X180         36              1515                     71000           1136366         951644          

320X180         37              1395                     74000           1142927         899635          

320X180         38              544                      77000           678286          278144          

320X180         39              1800                     78000           1525855         912848          

320X180         40              1797                     80000           1991764         1158636         

320X180         41              1949                     83000           2112576         1206684         

320X180         42              1994                     86000           2006228         1246651         

320X180         43              1127                     89000           1128067         749741          

320X180         44              1330                     91000           1595312         861428          

320X180         45              836                      93000           924539          591053          

320X180         46              931                      94000           604484          788000          

320X180         47              729                      96000           470157          465533          

320X180         48              1312                     97000           1209446         752787          

320X180         49              1503                     99000           1348802         1128968         

320X180         50              1092                     102000          287033          1089407         

320X180         51              352                      105000          76009           9887            

320X180         52              348                      108000          134186          1780            

320X180         53              236                      111000          9309            17059           

Resolution      GOP#            TranscodingTime          Pts             InputSize       outputSize      

320X180         1               91                       0               34749           0               

320X180         2               1075                     1000            1370394         457775          

320X180         3               1714                     4000            2008230         1204547         

320X180         4               811                      7000            871293          713926          

320X180         5               1786                     8000            1592383         1801914         

320X180         6               643                      11000           485032          616682          

320X180         7               1724                     12000           1855207         1373579         

320X180         8               1870                     15000           1655071         1515781         

320X180         9               1514                     18000           1313744         1199390         

320X180         10              1441                     21000           1714160         1031156         

320X180         11              828                      24000           892156          638854          

320X180         12              995                      26000           825613          876193          

320X180         13              1668                     27000           1312588         1021611         

320X180         14              864                      30000           758019          622853          

320X180         15              1251                     32000           958960          1011888         

320X180         16              1680                     34000           1465413         1330983         

320X180         17              1784                     37000           1664039         1105571         

320X180         18              687                      40000           735085          446070          

320X180         19              934                      41000           1048115         600751          

320X180         20              1746                     42000           1206694         1188486         

320X180         21              1696                     45000           1762060         1053658         

320X180         22              845                      48000           928168          574988          

320X180         23              1103                     50000           1059902         683536          

320X180         24              1004                     51000           710174          696452          

320X180         25              855                      53000           528277          593491          

320X180         26              1724                     55000           1414942         1007653         

320X180         27              597                      58000           806880          343387          

320X180         28              660                      59000           715076          420737          

320X180         29              764                      60000           749475          504399          

320X180         30              1324                     61000           1347645         804465          

320X180         31              1063                     63000           975676          680959          

320X180         32              717                      65000           560554          491007          

320X180         33              1732                     66000           1379116         1092206         

320X180         34              576                      69000           402662          408187          

320X180         35              529                      70000           358367          353826          

320X180         36              1620                     71000           1136366         951644          

320X180         37              1513                     74000           1142927         899635          

320X180         38              619                      77000           678286          278144          

320X180         39              1665                     78000           1525855         912848          

320X180         40              1861                     80000           1991764         1158636         

320X180         41              2033                     83000           2112576         1206684         

320X180         42              2022                     86000           2006228         1246651         

320X180         43              1163                     89000           1128067         749741          

320X180         44              1381                     91000           1595312         861428          

320X180         45              845                      93000           924539          591053          

320X180         46              925                      94000           604484          788000          

320X180         47              726                      96000           470157          465533          

320X180         48              1325                     97000           1209446         752787          

320X180         49              1552                     99000           1348802         1128968         

320X180         50              1171                     102000          287033          1089407         

320X180         51              377                      105000          76009           9887            

320X180         52              384                      108000          134186          1780            

320X180         53              245                      111000          9309            17059           

Resolution      GOP#            TranscodingTime          Pts             InputSize       outputSize      

320X180         1               94                       0               34749           0               

320X180         2               1115                     1000            1370394         457775          

320X180         3               1822                     4000            2008230         1204547         

320X180         4               849                      7000            871293          713926          

320X180         5               1876                     8000            1592383         1801914         

320X180         6               670                      11000           485032          616682          

320X180         7               1805                     12000           1855207         1373579         

320X180         8               1923                     15000           1655071         1515781         

320X180         9               1559                     18000           1313744         1199390         

320X180         10              1531                     21000           1714160         1031156         

320X180         11              869                      24000           892156          638854          

320X180         12              1013                     26000           825613          876193          

320X180         13              1664                     27000           1312588         1021611         

320X180         14              874                      30000           758019          622853          

320X180         15              1242                     32000           958960          1011888         

320X180         16              1671                     34000           1465413         1330983         

320X180         17              1785                     37000           1664039         1105571         

320X180         18              675                      40000           735085          446070          

320X180         19              934                      41000           1048115         600751          

320X180         20              1709                     42000           1206694         1188486         

320X180         21              1662                     45000           1762060         1053658         

320X180         22              829                      48000           928168          574988          

320X180         23              1049                     50000           1059902         683536          

320X180         24              996                      51000           710174          696452          

320X180         25              823                      53000           528277          593491          

320X180         26              1604                     55000           1414942         1007653         

320X180         27              580                      58000           806880          343387          

320X180         28              636                      59000           715076          420737          

320X180         29              751                      60000           749475          504399          

320X180         30              1301                     61000           1347645         804465          

320X180         31              1009                     63000           975676          680959          

320X180         32              700                      65000           560554          491007          

320X180         33              1730                     66000           1379116         1092206         

320X180         34              599                      69000           402662          408187          

320X180         35              549                      70000           358367          353826          

320X180         36              1770                     71000           1136366         951644          

320X180         37              1553                     74000           1142927         899635          

320X180         38              554                      77000           678286          278144          

320X180         39              1535                     78000           1525855         912848          

320X180         40              1874                     80000           1991764         1158636         

320X180         41              2028                     83000           2112576         1206684         

320X180         42              2026                     86000           2006228         1246651         

320X180         43              1157                     89000           1128067         749741          

320X180         44              1380                     91000           1595312         861428          

320X180         45              861                      93000           924539          591053          

320X180         46              953                      94000           604484          788000          

320X180         47              726                      96000           470157          465533          

320X180         48              1303                     97000           1209446         752787          

320X180         49              1490                     99000           1348802         1128968         

320X180         50              1153                     102000          287033          1089407         

320X180         51              353                      105000          76009           9887            

320X180         52              369                      108000          134186          1780            

320X180         53              238                      111000          9309            17059           

Resolution      GOP#            TranscodingTime          Pts             InputSize       outputSize      

320X180         1               97                       0               34749           0               

320X180         2               1137                     1000            1370394         457775          

320X180         3               1838                     4000            2008230         1204547         

320X180         4               845                      7000            871293          713926          

320X180         5               1851                     8000            1592383         1801914         

320X180         6               670                      11000           485032          616682          

320X180         7               1771                     12000           1855207         1373579         

320X180         8               1916                     15000           1655071         1515781         

320X180         9               1572                     18000           1313744         1199390         

320X180         10              1551                     21000           1714160         1031156         

320X180         11              859                      24000           892156          638854          

320X180         12              957                      26000           825613          876193          

320X180         13              1587                     27000           1312588         1021611         

320X180         14              842                      30000           758019          622853          

320X180         15              1234                     32000           958960          1011888         

320X180         16              1625                     34000           1465413         1330983         

320X180         17              1703                     37000           1664039         1105571         

320X180         18              647                      40000           735085          446070          

320X180         19              893                      41000           1048115         600751          

320X180         20              1647                     42000           1206694         1188486         

320X180         21              1627                     45000           1762060         1053658         

320X180         22              820                      48000           928168          574988          

320X180         23              1024                     50000           1059902         683536          

320X180         24              941                      51000           710174          696452          

320X180         25              793                      53000           528277          593491          

320X180         26              1617                     55000           1414942         1007653         

320X180         27              580                      58000           806880          343387          

320X180         28              641                      59000           715076          420737          

320X180         29              749                      60000           749475          504399          

320X180         30              1301                     61000           1347645         804465          

320X180         31              1010                     63000           975676          680959          

320X180         32              687                      65000           560554          491007          

320X180         33              1693                     66000           1379116         1092206         

320X180         34              563                      69000           402662          408187          

320X180         35              531                      70000           358367          353826          

320X180         36              2100                     71000           1136366         951644          

320X180         37              1457                     74000           1142927         899635          

320X180         38              556                      77000           678286          278144          

320X180         39              1538                     78000           1525855         912848          

320X180         40              1855                     80000           1991764         1158636         

320X180         41              2026                     83000           2112576         1206684         

320X180         42              2032                     86000           2006228         1246651         

320X180         43              1092                     89000           1128067         749741          

320X180         44              1323                     91000           1595312         861428          

320X180         45              825                      93000           924539          591053          

320X180         46              912                      94000           604484          788000          

320X180         47              716                      96000           470157          465533          

320X180         48              1307                     97000           1209446         752787          

320X180         49              1458                     99000           1348802         1128968         

320X180         50              1099                     102000          287033          1089407         

320X180         51              343                      105000          76009           9887            

320X180         52              360                      108000          134186          1780            

320X180         53              226                      111000          9309            17059           

Resolution      GOP#            TranscodingTime          Pts             InputSize       outputSize      

320X180         1               90                       0               34749           0               

320X180         2               1079                     1000            1370394         457775          

320X180         3               1717                     4000            2008230         1204547         

320X180         4               809                      7000            871293          713926          

320X180         5               1785                     8000            1592383         1801914         

320X180         6               660                      11000           485032          616682          

320X180         7               1703                     12000           1855207         1373579         

320X180         8               1842                     15000           1655071         1515781         

320X180         9               1482                     18000           1313744         1199390         

320X180         10              1437                     21000           1714160         1031156         

320X180         11              807                      24000           892156          638854          

320X180         12              948                      26000           825613          876193          

320X180         13              1578                     27000           1312588         1021611         

320X180         14              858                      30000           758019          622853          

320X180         15              1234                     32000           958960          1011888         

320X180         16              1652                     34000           1465413         1330983         

320X180         17              1712                     37000           1664039         1105571         

320X180         18              651                      40000           735085          446070          

320X180         19              914                      41000           1048115         600751          

320X180         20              1697                     42000           1206694         1188486         

320X180         21              1691                     45000           1762060         1053658         

320X180         22              849                      48000           928168          574988          

320X180         23              1066                     50000           1059902         683536          

320X180         24              966                      51000           710174          696452          

320X180         25              812                      53000           528277          593491          

320X180         26              1623                     55000           1414942         1007653         

320X180         27              588                      58000           806880          343387          

320X180         28              637                      59000           715076          420737          

320X180         29              740                      60000           749475          504399          

320X180         30              1308                     61000           1347645         804465          

320X180         31              1039                     63000           975676          680959          

320X180         32              734                      65000           560554          491007          

320X180         33              1710                     66000           1379116         1092206         

320X180         34              779                      69000           402662          408187          

320X180         35              591                      70000           358367          353826          

320X180         36              1557                     71000           1136366         951644          

320X180         37              1439                     74000           1142927         899635          

320X180         38              547                      77000           678286          278144          

320X180         39              1476                     78000           1525855         912848          

320X180         40              1739                     80000           1991764         1158636         

320X180         41              1903                     83000           2112576         1206684         

320X180         42              2042                     86000           2006228         1246651         

320X180         43              1135                     89000           1128067         749741          

320X180         44              1373                     91000           1595312         861428          

320X180         45              846                      93000           924539          591053          

320X180         46              901                      94000           604484          788000          

320X180         47              709                      96000           470157          465533          

320X180         48              1284                     97000           1209446         752787          

320X180         49              1450                     99000           1348802         1128968         

320X180         50              1092                     102000          287033          1089407         

320X180         51              341                      105000          76009           9887            

320X180         52              355                      108000          134186          1780            

320X180         53              229                      111000          9309            17059           

Resolution      GOP#            TranscodingTime          Pts             InputSize       outputSize      

320X180         1               99                       0               34749           0               

320X180         2               1092                     1000            1370394         457775          

320X180         3               1706                     4000            2008230         1204547         

320X180         4               808                      7000            871293          713926          

320X180         5               1778                     8000            1592383         1801914         

320X180         6               635                      11000           485032          616682          

320X180         7               1684                     12000           1855207         1373579         

320X180         8               1799                     15000           1655071         1515781         

320X180         9               1423                     18000           1313744         1199390         

320X180         10              1387                     21000           1714160         1031156         

320X180         11              791                      24000           892156          638854          

320X180         12              943                      26000           825613          876193          

320X180         13              1522                     27000           1312588         1021611         

320X180         14              825                      30000           758019          622853          

320X180         15              1212                     32000           958960          1011888         

320X180         16              1653                     34000           1465413         1330983         

320X180         17              1676                     37000           1664039         1105571         

320X180         18              658                      40000           735085          446070          

320X180         19              898                      41000           1048115         600751          

320X180         20              1636                     42000           1206694         1188486         

320X180         21              1621                     45000           1762060         1053658         

320X180         22              807                      48000           928168          574988          

320X180         23              1047                     50000           1059902         683536          

320X180         24              980                      51000           710174          696452          

320X180         25              846                      53000           528277          593491          

320X180         26              1574                     55000           1414942         1007653         

320X180         27              570                      58000           806880          343387          

320X180         28              611                      59000           715076          420737          

320X180         29              709                      60000           749475          504399          

320X180         30              1269                     61000           1347645         804465          

320X180         31              1002                     63000           975676          680959          

320X180         32              662                      65000           560554          491007          

320X180         33              1630                     66000           1379116         1092206         

320X180         34              540                      69000           402662          408187          

320X180         35              573                      70000           358367          353826          

320X180         36              1761                     71000           1136366         951644          

320X180         37              1470                     74000           1142927         899635          

320X180         38              558                      77000           678286          278144          

320X180         39              1507                     78000           1525855         912848          

320X180         40              1828                     80000           1991764         1158636         

320X180         41              1951                     83000           2112576         1206684         

320X180         42              1948                     86000           2006228         1246651         

320X180         43              1083                     89000           1128067         749741          

320X180         44              1364                     91000           1595312         861428          

320X180         45              859                      93000           924539          591053          

320X180         46              939                      94000           604484          788000          

320X180         47              736                      96000           470157          465533          

320X180         48              1352                     97000           1209446         752787          

320X180         49              1515                     99000           1348802         1128968         

320X180         50              1138                     102000          287033          1089407         

320X180         51              362                      105000          76009           9887            

320X180         52              376                      108000          134186          1780            

320X180         53              236                      111000          9309            17059           

Resolution      GOP#            TranscodingTime          Pts             InputSize       outputSize      

320X180         1               97                       0               34749           0               

320X180         2               1114                     1000            1370394         457775          

320X180         3               1789                     4000            2008230         1204547         

320X180         4               823                      7000            871293          713926          

320X180         5               1832                     8000            1592383         1801914         

320X180         6               643                      11000           485032          616682          

320X180         7               1714                     12000           1855207         1373579         

320X180         8               1937                     15000           1655071         1515781         

320X180         9               1558                     18000           1313744         1199390         

320X180         10              1522                     21000           1714160         1031156         

320X180         11              849                      24000           892156          638854          

320X180         12              967                      26000           825613          876193          

320X180         13              1689                     27000           1312588         1021611         

320X180         14              855                      30000           758019          622853          

320X180         15              1247                     32000           958960          1011888         

320X180         16              1639                     34000           1465413         1330983         

320X180         17              1673                     37000           1664039         1105571         

320X180         18              647                      40000           735085          446070          

320X180         19              902                      41000           1048115         600751          

320X180         20              1681                     42000           1206694         1188486         

320X180         21              1686                     45000           1762060         1053658         

320X180         22              828                      48000           928168          574988          

320X180         23              1057                     50000           1059902         683536          

320X180         24              957                      51000           710174          696452          

320X180         25              810                      53000           528277          593491          

320X180         26              1618                     55000           1414942         1007653         

320X180         27              586                      58000           806880          343387          

320X180         28              663                      59000           715076          420737          

320X180         29              773                      60000           749475          504399          

320X180         30              1359                     61000           1347645         804465          

320X180         31              1053                     63000           975676          680959          

320X180         32              701                      65000           560554          491007          

320X180         33              1932                     66000           1379116         1092206         

320X180         34              673                      69000           402662          408187          

320X180         35              528                      70000           358367          353826          

320X180         36              1578                     71000           1136366         951644          

320X180         37              1470                     74000           1142927         899635          

320X180         38              565                      77000           678286          278144          

320X180         39              1554                     78000           1525855         912848          

320X180         40              1876                     80000           1991764         1158636         

320X180         41              2047                     83000           2112576         1206684         

320X180         42              2013                     86000           2006228         1246651         

320X180         43              1135                     89000           1128067         749741          

320X180         44              1379                     91000           1595312         861428          

320X180         45              850                      93000           924539          591053          

320X180         46              938                      94000           604484          788000          

320X180         47              734                      96000           470157          465533          

320X180         48              1347                     97000           1209446         752787          

320X180         49              1527                     99000           1348802         1128968         

320X180         50              1142                     102000          287033          1089407         

320X180         51              364                      105000          76009           9887            

320X180         52              367                      108000          134186          1780            

320X180         53              236                      111000          9309            17059           

Resolution      GOP#            TranscodingTime          Pts             InputSize       outputSize      

320X180         1               95                       0               34749           0               

320X180         2               1124                     1000            1370394         457775          

320X180         3               1789                     4000            2008230         1204547         

320X180         4               832                      7000            871293          713926          

320X180         5               1868                     8000            1592383         1801914         

320X180         6               664                      11000           485032          616682          

320X180         7               1786                     12000           1855207         1373579         

320X180         8               1837                     15000           1655071         1515781         

320X180         9               1513                     18000           1313744         1199390         

320X180         10              1500                     21000           1714160         1031156         

320X180         11              823                      24000           892156          638854          

320X180         12              968                      26000           825613          876193          

320X180         13              1592                     27000           1312588         1021611         

320X180         14              830                      30000           758019          622853          

320X180         15              1213                     32000           958960          1011888         

320X180         16              1617                     34000           1465413         1330983         

320X180         17              1692                     37000           1664039         1105571         

320X180         18              656                      40000           735085          446070          

320X180         19              888                      41000           1048115         600751          

320X180         20              1631                     42000           1206694         1188486         

320X180         21              1608                     45000           1762060         1053658         

320X180         22              814                      48000           928168          574988          

320X180         23              1034                     50000           1059902         683536          

320X180         24              933                      51000           710174          696452          

320X180         25              783                      53000           528277          593491          

320X180         26              1588                     55000           1414942         1007653         

320X180         27              586                      58000           806880          343387          

320X180         28              637                      59000           715076          420737          

320X180         29              747                      60000           749475          504399          

320X180         30              1297                     61000           1347645         804465          

320X180         31              1012                     63000           975676          680959          

320X180         32              703                      65000           560554          491007          

320X180         33              1998                     66000           1379116         1092206         

320X180         34              606                      69000           402662          408187          

320X180         35              557                      70000           358367          353826          

320X180         36              1625                     71000           1136366         951644          

320X180         37              1501                     74000           1142927         899635          

320X180         38              574                      77000           678286          278144          

320X180         39              1564                     78000           1525855         912848          

320X180         40              1866                     80000           1991764         1158636         

320X180         41              2028                     83000           2112576         1206684         

320X180         42              2027                     86000           2006228         1246651         

320X180         43              1123                     89000           1128067         749741          

320X180         44              1339                     91000           1595312         861428          

320X180         45              826                      93000           924539          591053          

320X180         46              919                      94000           604484          788000          

320X180         47              716                      96000           470157          465533          

320X180         48              1378                     97000           1209446         752787          

320X180         49              1489                     99000           1348802         1128968         

320X180         50              1094                     102000          287033          1089407         

320X180         51              343                      105000          76009           9887            

320X180         52              354                      108000          134186          1780            

320X180         53              236                      111000          9309            17059           

