Resolution      GOP#            TranscodingTime          Pts             InputSize       outputSize      

320X180         1               66                       0               11565           184             

320X180         2               1645                     1000            631308          127648          

320X180         3               2868                     5000            1019933         112642          

320X180         4               3325                     8000            1006097         145099          

320X180         5               3537                     12000           1082058         160502          

320X180         6               701                      17000           163798          27705           

320X180         7               1503                     18000           698718          88861           

320X180         8               3119                     21000           1720182         182538          

320X180         9               531                      26000           179223          26186           

320X180         10              2347                     27000           715794          119255          

320X180         11              1484                     32000           390946          68976           

320X180         12              2743                     34000           835734          143527          

320X180         13              101                      39000           33996           8082            

320X180         14              1596                     40000           342510          75859           

320X180         15              1437                     42000           439251          81592           

320X180         16              1038                     45000           327219          65806           

320X180         17              2024                     48000           464491          94588           

320X180         18              1375                     52000           294636          78590           

320X180         19              1609                     55000           360839          94836           

320X180         20              116                      58000           27053           8524            

320X180         21              349                      58000           71388           26258           

320X180         22              979                      59000           175068          43229           

320X180         23              1464                     61000           325386          72078           

320X180         24              2294                     64000           459212          116885          

320X180         25              1220                     69000           199466          55305           

320X180         26              2266                     72000           549166          151435          

320X180         27              1044                     77000           234731          61781           

320X180         28              1492                     79000           266337          75270           

320X180         29              1364                     82000           247533          47981           

320X180         30              1442                     85000           247881          62138           

320X180         31              1923                     88000           331345          75049           

320X180         32              1642                     91000           674113          101554          

320X180         33              1561                     94000           237386          79024           

320X180         34              3247                     97000           619080          142686          

320X180         35              1395                     102000          328911          91949           

320X180         36              673                      107000          257354          19777           

320X180         37              286                      111000          3351            38549           

Resolution      GOP#            TranscodingTime          Pts             InputSize       outputSize      

320X180         1               59                       0               11565           184             

320X180         2               1624                     1000            631308          127648          

320X180         3               2763                     5000            1019933         112642          

320X180         4               3516                     8000            1006097         145099          

320X180         5               3546                     12000           1082058         160502          

320X180         6               697                      17000           163798          27705           

320X180         7               1490                     18000           698718          88861           

320X180         8               3120                     21000           1720182         182538          

320X180         9               518                      26000           179223          26186           

320X180         10              2314                     27000           715794          119255          

320X180         11              1470                     32000           390946          68976           

320X180         12              2712                     34000           835734          143527          

320X180         13              96                       39000           33996           8082            

320X180         14              1574                     40000           342510          75859           

320X180         15              1420                     42000           439251          81592           

320X180         16              1029                     45000           327219          65806           

320X180         17              2024                     48000           464491          94588           

320X180         18              1365                     52000           294636          78590           

320X180         19              1605                     55000           360839          94836           

320X180         20              117                      58000           27053           8524            

320X180         21              353                      58000           71388           26258           

320X180         22              994                      59000           175068          43229           

320X180         23              1473                     61000           325386          72078           

320X180         24              2314                     64000           459212          116885          

320X180         25              1236                     69000           199466          55305           

320X180         26              2288                     72000           549166          151435          

320X180         27              1030                     77000           234731          61781           

320X180         28              1480                     79000           266337          75270           

320X180         29              1355                     82000           247533          47981           

320X180         30              1415                     85000           247881          62138           

320X180         31              1904                     88000           331345          75049           

320X180         32              1628                     91000           674113          101554          

320X180         33              1534                     94000           237386          79024           

320X180         34              3227                     97000           619080          142686          

320X180         35              1399                     102000          328911          91949           

320X180         36              652                      107000          257354          19777           

320X180         37              280                      111000          3351            38549           

Resolution      GOP#            TranscodingTime          Pts             InputSize       outputSize      

320X180         1               58                       0               11565           184             

320X180         2               1617                     1000            631308          127648          

320X180         3               2626                     5000            1019933         112642          

320X180         4               3609                     8000            1006097         145099          

320X180         5               3520                     12000           1082058         160502          

320X180         6               691                      17000           163798          27705           

320X180         7               1493                     18000           698718          88861           

320X180         8               3136                     21000           1720182         182538          

320X180         9               524                      26000           179223          26186           

320X180         10              2359                     27000           715794          119255          

320X180         11              1489                     32000           390946          68976           

320X180         12              2762                     34000           835734          143527          

320X180         13              98                       39000           33996           8082            

320X180         14              1594                     40000           342510          75859           

320X180         15              1441                     42000           439251          81592           

320X180         16              1038                     45000           327219          65806           

320X180         17              2031                     48000           464491          94588           

320X180         18              1376                     52000           294636          78590           

320X180         19              1615                     55000           360839          94836           

320X180         20              116                      58000           27053           8524            

320X180         21              353                      58000           71388           26258           

320X180         22              993                      59000           175068          43229           

320X180         23              1471                     61000           325386          72078           

320X180         24              2305                     64000           459212          116885          

320X180         25              1222                     69000           199466          55305           

320X180         26              2266                     72000           549166          151435          

320X180         27              1015                     77000           234731          61781           

320X180         28              1469                     79000           266337          75270           

320X180         29              1335                     82000           247533          47981           

320X180         30              1399                     85000           247881          62138           

320X180         31              1875                     88000           331345          75049           

320X180         32              1589                     91000           674113          101554          

320X180         33              1521                     94000           237386          79024           

320X180         34              3182                     97000           619080          142686          

320X180         35              1387                     102000          328911          91949           

320X180         36              654                      107000          257354          19777           

320X180         37              278                      111000          3351            38549           

Resolution      GOP#            TranscodingTime          Pts             InputSize       outputSize      

320X180         1               57                       0               11565           184             

320X180         2               1602                     1000            631308          127648          

320X180         3               2595                     5000            1019933         112642          

320X180         4               3263                     8000            1006097         145099          

320X180         5               3751                     12000           1082058         160502          

320X180         6               693                      17000           163798          27705           

320X180         7               1484                     18000           698718          88861           

320X180         8               3124                     21000           1720182         182538          

320X180         9               522                      26000           179223          26186           

320X180         10              2314                     27000           715794          119255          

320X180         11              1480                     32000           390946          68976           

320X180         12              2701                     34000           835734          143527          

320X180         13              95                       39000           33996           8082            

320X180         14              1567                     40000           342510          75859           

320X180         15              1421                     42000           439251          81592           

320X180         16              1028                     45000           327219          65806           

320X180         17              2020                     48000           464491          94588           

320X180         18              1366                     52000           294636          78590           

320X180         19              1568                     55000           360839          94836           

320X180         20              116                      58000           27053           8524            

320X180         21              339                      58000           71388           26258           

320X180         22              963                      59000           175068          43229           

320X180         23              1429                     61000           325386          72078           

320X180         24              2254                     64000           459212          116885          

320X180         25              1199                     69000           199466          55305           

320X180         26              2207                     72000           549166          151435          

320X180         27              1007                     77000           234731          61781           

320X180         28              1441                     79000           266337          75270           

320X180         29              1325                     82000           247533          47981           

320X180         30              1389                     85000           247881          62138           

320X180         31              1865                     88000           331345          75049           

320X180         32              1607                     91000           674113          101554          

320X180         33              1482                     94000           237386          79024           

320X180         34              3192                     97000           619080          142686          

320X180         35              1392                     102000          328911          91949           

320X180         36              657                      107000          257354          19777           

320X180         37              277                      111000          3351            38549           

Resolution      GOP#            TranscodingTime          Pts             InputSize       outputSize      

320X180         1               122                      0               11565           184             

320X180         2               1606                     1000            631308          127648          

320X180         3               2623                     5000            1019933         112642          

320X180         4               3256                     8000            1006097         145099          

320X180         5               3444                     12000           1082058         160502          

320X180         6               749                      17000           163798          27705           

320X180         7               1606                     18000           698718          88861           

320X180         8               3038                     21000           1720182         182538          

320X180         9               493                      26000           179223          26186           

320X180         10              2245                     27000           715794          119255          

320X180         11              1452                     32000           390946          68976           

320X180         12              2676                     34000           835734          143527          

320X180         13              94                       39000           33996           8082            

320X180         14              1519                     40000           342510          75859           

320X180         15              1378                     42000           439251          81592           

320X180         16              969                      45000           327219          65806           

320X180         17              1912                     48000           464491          94588           

320X180         18              1317                     52000           294636          78590           

320X180         19              1530                     55000           360839          94836           

320X180         20              111                      58000           27053           8524            

320X180         21              343                      58000           71388           26258           

320X180         22              967                      59000           175068          43229           

320X180         23              1416                     61000           325386          72078           

320X180         24              2192                     64000           459212          116885          

320X180         25              1172                     69000           199466          55305           

320X180         26              2166                     72000           549166          151435          

320X180         27              989                      77000           234731          61781           

320X180         28              1414                     79000           266337          75270           

320X180         29              1306                     82000           247533          47981           

320X180         30              1357                     85000           247881          62138           

320X180         31              1821                     88000           331345          75049           

320X180         32              1585                     91000           674113          101554          

320X180         33              1507                     94000           237386          79024           

320X180         34              3170                     97000           619080          142686          

320X180         35              1384                     102000          328911          91949           

320X180         36              662                      107000          257354          19777           

320X180         37              282                      111000          3351            38549           

Resolution      GOP#            TranscodingTime          Pts             InputSize       outputSize      

320X180         1               58                       0               11565           184             

320X180         2               1617                     1000            631308          127648          

320X180         3               2639                     5000            1019933         112642          

320X180         4               3279                     8000            1006097         145099          

320X180         5               3504                     12000           1082058         160502          

320X180         6               692                      17000           163798          27705           

320X180         7               1479                     18000           698718          88861           

320X180         8               3258                     21000           1720182         182538          

320X180         9               561                      26000           179223          26186           

320X180         10              2365                     27000           715794          119255          

320X180         11              1483                     32000           390946          68976           

320X180         12              2746                     34000           835734          143527          

320X180         13              98                       39000           33996           8082            

320X180         14              1590                     40000           342510          75859           

320X180         15              1435                     42000           439251          81592           

320X180         16              1028                     45000           327219          65806           

320X180         17              2024                     48000           464491          94588           

320X180         18              1376                     52000           294636          78590           

320X180         19              1611                     55000           360839          94836           

320X180         20              115                      58000           27053           8524            

320X180         21              353                      58000           71388           26258           

320X180         22              994                      59000           175068          43229           

320X180         23              1482                     61000           325386          72078           

320X180         24              2332                     64000           459212          116885          

320X180         25              1261                     69000           199466          55305           

320X180         26              2284                     72000           549166          151435          

320X180         27              1039                     77000           234731          61781           

320X180         28              1489                     79000           266337          75270           

320X180         29              1355                     82000           247533          47981           

320X180         30              1431                     85000           247881          62138           

320X180         31              1934                     88000           331345          75049           

320X180         32              1641                     91000           674113          101554          

320X180         33              1547                     94000           237386          79024           

320X180         34              3264                     97000           619080          142686          

320X180         35              1408                     102000          328911          91949           

320X180         36              660                      107000          257354          19777           

320X180         37              281                      111000          3351            38549           

Resolution      GOP#            TranscodingTime          Pts             InputSize       outputSize      

320X180         1               59                       0               11565           184             

320X180         2               1615                     1000            631308          127648          

320X180         3               2662                     5000            1019933         112642          

320X180         4               3277                     8000            1006097         145099          

320X180         5               3526                     12000           1082058         160502          

320X180         6               697                      17000           163798          27705           

320X180         7               1449                     18000           698718          88861           

320X180         8               3072                     21000           1720182         182538          

320X180         9               522                      26000           179223          26186           

320X180         10              2746                     27000           715794          119255          

320X180         11              1481                     32000           390946          68976           

320X180         12              2759                     34000           835734          143527          

320X180         13              98                       39000           33996           8082            

320X180         14              1597                     40000           342510          75859           

320X180         15              1441                     42000           439251          81592           

320X180         16              1041                     45000           327219          65806           

320X180         17              2041                     48000           464491          94588           

320X180         18              1390                     52000           294636          78590           

320X180         19              1619                     55000           360839          94836           

320X180         20              112                      58000           27053           8524            

320X180         21              352                      58000           71388           26258           

320X180         22              990                      59000           175068          43229           

320X180         23              1468                     61000           325386          72078           

320X180         24              2340                     64000           459212          116885          

320X180         25              1246                     69000           199466          55305           

320X180         26              2302                     72000           549166          151435          

320X180         27              1040                     77000           234731          61781           

320X180         28              1499                     79000           266337          75270           

320X180         29              1362                     82000           247533          47981           

320X180         30              1441                     85000           247881          62138           

320X180         31              1934                     88000           331345          75049           

320X180         32              1615                     91000           674113          101554          

320X180         33              1566                     94000           237386          79024           

320X180         34              3245                     97000           619080          142686          

320X180         35              1416                     102000          328911          91949           

320X180         36              662                      107000          257354          19777           

320X180         37              282                      111000          3351            38549           

Resolution      GOP#            TranscodingTime          Pts             InputSize       outputSize      

320X180         1               61                       0               11565           184             

320X180         2               1622                     1000            631308          127648          

320X180         3               2644                     5000            1019933         112642          

320X180         4               3307                     8000            1006097         145099          

320X180         5               3522                     12000           1082058         160502          

320X180         6               682                      17000           163798          27705           

320X180         7               1449                     18000           698718          88861           

320X180         8               3077                     21000           1720182         182538          

320X180         9               518                      26000           179223          26186           

320X180         10              2300                     27000           715794          119255          

320X180         11              1970                     32000           390946          68976           

320X180         12              2729                     34000           835734          143527          

320X180         13              98                       39000           33996           8082            

320X180         14              1597                     40000           342510          75859           

320X180         15              1436                     42000           439251          81592           

320X180         16              1038                     45000           327219          65806           

320X180         17              2031                     48000           464491          94588           

320X180         18              1369                     52000           294636          78590           

320X180         19              1594                     55000           360839          94836           

320X180         20              116                      58000           27053           8524            

320X180         21              350                      58000           71388           26258           

320X180         22              989                      59000           175068          43229           

320X180         23              1469                     61000           325386          72078           

320X180         24              2285                     64000           459212          116885          

320X180         25              1217                     69000           199466          55305           

320X180         26              2239                     72000           549166          151435          

320X180         27              1017                     77000           234731          61781           

320X180         28              1458                     79000           266337          75270           

320X180         29              1340                     82000           247533          47981           

320X180         30              1400                     85000           247881          62138           

320X180         31              1873                     88000           331345          75049           

320X180         32              1625                     91000           674113          101554          

320X180         33              1521                     94000           237386          79024           

320X180         34              3221                     97000           619080          142686          

320X180         35              1394                     102000          328911          91949           

320X180         36              654                      107000          257354          19777           

320X180         37              280                      111000          3351            38549           

Resolution      GOP#            TranscodingTime          Pts             InputSize       outputSize      

320X180         1               76                       0               11565           184             

320X180         2               1600                     1000            631308          127648          

320X180         3               2634                     5000            1019933         112642          

320X180         4               3294                     8000            1006097         145099          

320X180         5               3495                     12000           1082058         160502          

320X180         6               690                      17000           163798          27705           

320X180         7               1470                     18000           698718          88861           

320X180         8               3108                     21000           1720182         182538          

320X180         9               518                      26000           179223          26186           

320X180         10              2350                     27000           715794          119255          

320X180         11              1460                     32000           390946          68976           

320X180         12              3132                     34000           835734          143527          

320X180         13              97                       39000           33996           8082            

320X180         14              1585                     40000           342510          75859           

320X180         15              1434                     42000           439251          81592           

320X180         16              1019                     45000           327219          65806           

320X180         17              1994                     48000           464491          94588           

320X180         18              1362                     52000           294636          78590           

320X180         19              1595                     55000           360839          94836           

320X180         20              116                      58000           27053           8524            

320X180         21              350                      58000           71388           26258           

320X180         22              991                      59000           175068          43229           

320X180         23              1475                     61000           325386          72078           

320X180         24              2288                     64000           459212          116885          

320X180         25              1201                     69000           199466          55305           

320X180         26              2215                     72000           549166          151435          

320X180         27              1011                     77000           234731          61781           

320X180         28              1444                     79000           266337          75270           

320X180         29              1330                     82000           247533          47981           

320X180         30              1408                     85000           247881          62138           

320X180         31              1898                     88000           331345          75049           

320X180         32              1591                     91000           674113          101554          

320X180         33              1504                     94000           237386          79024           

320X180         34              3213                     97000           619080          142686          

320X180         35              1391                     102000          328911          91949           

320X180         36              661                      107000          257354          19777           

320X180         37              280                      111000          3351            38549           

Resolution      GOP#            TranscodingTime          Pts             InputSize       outputSize      

320X180         1               58                       0               11565           184             

320X180         2               1620                     1000            631308          127648          

320X180         3               2635                     5000            1019933         112642          

320X180         4               3283                     8000            1006097         145099          

320X180         5               3471                     12000           1082058         160502          

320X180         6               684                      17000           163798          27705           

320X180         7               1494                     18000           698718          88861           

320X180         8               3098                     21000           1720182         182538          

320X180         9               509                      26000           179223          26186           

320X180         10              2224                     27000           715794          119255          

320X180         11              1415                     32000           390946          68976           

320X180         12              2631                     34000           835734          143527          

320X180         13              95                       39000           33996           8082            

320X180         14              1585                     40000           342510          75859           

320X180         15              1536                     42000           439251          81592           

320X180         16              1011                     45000           327219          65806           

320X180         17              1989                     48000           464491          94588           

320X180         18              1356                     52000           294636          78590           

320X180         19              1591                     55000           360839          94836           

320X180         20              112                      58000           27053           8524            

320X180         21              342                      58000           71388           26258           

320X180         22              985                      59000           175068          43229           

320X180         23              1462                     61000           325386          72078           

320X180         24              2261                     64000           459212          116885          

320X180         25              1217                     69000           199466          55305           

320X180         26              2166                     72000           549166          151435          

320X180         27              971                      77000           234731          61781           

320X180         28              1393                     79000           266337          75270           

320X180         29              1287                     82000           247533          47981           

320X180         30              1344                     85000           247881          62138           

320X180         31              1806                     88000           331345          75049           

320X180         32              1575                     91000           674113          101554          

320X180         33              1466                     94000           237386          79024           

320X180         34              3099                     97000           619080          142686          

320X180         35              1348                     102000          328911          91949           

320X180         36              638                      107000          257354          19777           

320X180         37              267                      111000          3351            38549           

