Resolution      GOP#            TranscodingTime          Pts             InputSize       outputSize      

320X180         1               441                      0               203487          28121           

320X180         2               293                      6000            1015559         719             

320X180         3               834                      7000            889221          1150825         

320X180         4               568                      9000            491204          699464          

320X180         5               700                      10000           632340          822963          

320X180         6               689                      12000           541576          713648          

320X180         7               452                      13000           354727          514940          

320X180         8               534                      14000           474095          599533          

320X180         9               600                      16000           250803          686201          

320X180         10              1001                     17000           673341          927378          

320X180         11              680                      21000           628855          577036          

320X180         12              695                      22000           225852          793877          

320X180         13              251                      24000           380692          133370          

320X180         14              548                      25000           492996          477037          

320X180         15              287                      27000           264938          198116          

320X180         16              960                      28000           1007422         802582          

320X180         17              1352                     30000           1168786         998494          

320X180         18              687                      34000           612628          580385          

320X180         19              1292                     35000           878793          1116598         

320X180         20              157                      39000           114312          128868          

Resolution      GOP#            TranscodingTime          Pts             InputSize       outputSize      

320X180         1               428                      0               203487          28121           

320X180         2               301                      6000            1015559         719             

320X180         3               851                      7000            889221          1150825         

320X180         4               566                      9000            491204          699464          

320X180         5               705                      10000           632340          822963          

320X180         6               675                      12000           541576          713648          

320X180         7               435                      13000           354727          514940          

320X180         8               521                      14000           474095          599533          

320X180         9               591                      16000           250803          686201          

320X180         10              1013                     17000           673341          927378          

320X180         11              688                      21000           628855          577036          

320X180         12              698                      22000           225852          793877          

320X180         13              254                      24000           380692          133370          

320X180         14              544                      25000           492996          477037          

320X180         15              292                      27000           264938          198116          

320X180         16              955                      28000           1007422         802582          

320X180         17              1361                     30000           1168786         998494          

320X180         18              695                      34000           612628          580385          

320X180         19              1323                     35000           878793          1116598         

320X180         20              155                      39000           114312          128868          

Resolution      GOP#            TranscodingTime          Pts             InputSize       outputSize      

320X180         1               446                      0               203487          28121           

320X180         2               303                      6000            1015559         719             

320X180         3               852                      7000            889221          1150825         

320X180         4               567                      9000            491204          699464          

320X180         5               700                      10000           632340          822963          

320X180         6               676                      12000           541576          713648          

320X180         7               435                      13000           354727          514940          

320X180         8               528                      14000           474095          599533          

320X180         9               585                      16000           250803          686201          

320X180         10              1000                     17000           673341          927378          

320X180         11              684                      21000           628855          577036          

320X180         12              694                      22000           225852          793877          

320X180         13              252                      24000           380692          133370          

320X180         14              543                      25000           492996          477037          

320X180         15              284                      27000           264938          198116          

320X180         16              931                      28000           1007422         802582          

320X180         17              1312                     30000           1168786         998494          

320X180         18              683                      34000           612628          580385          

320X180         19              1295                     35000           878793          1116598         

320X180         20              154                      39000           114312          128868          

Resolution      GOP#            TranscodingTime          Pts             InputSize       outputSize      

320X180         1               427                      0               203487          28121           

320X180         2               291                      6000            1015559         719             

320X180         3               830                      7000            889221          1150825         

320X180         4               562                      9000            491204          699464          

320X180         5               749                      10000           632340          822963          

320X180         6               788                      12000           541576          713648          

320X180         7               589                      13000           354727          514940          

320X180         8               572                      14000           474095          599533          

320X180         9               596                      16000           250803          686201          

320X180         10              1012                     17000           673341          927378          

320X180         11              693                      21000           628855          577036          

320X180         12              709                      22000           225852          793877          

320X180         13              259                      24000           380692          133370          

320X180         14              544                      25000           492996          477037          

320X180         15              290                      27000           264938          198116          

320X180         16              953                      28000           1007422         802582          

320X180         17              1309                     30000           1168786         998494          

320X180         18              669                      34000           612628          580385          

320X180         19              1304                     35000           878793          1116598         

320X180         20              163                      39000           114312          128868          

Resolution      GOP#            TranscodingTime          Pts             InputSize       outputSize      

320X180         1               462                      0               203487          28121           

320X180         2               310                      6000            1015559         719             

320X180         3               887                      7000            889221          1150825         

320X180         4               596                      9000            491204          699464          

320X180         5               736                      10000           632340          822963          

320X180         6               701                      12000           541576          713648          

320X180         7               454                      13000           354727          514940          

320X180         8               546                      14000           474095          599533          

320X180         9               611                      16000           250803          686201          

320X180         10              1037                     17000           673341          927378          

320X180         11              709                      21000           628855          577036          

320X180         12              723                      22000           225852          793877          

320X180         13              260                      24000           380692          133370          

320X180         14              559                      25000           492996          477037          

320X180         15              297                      27000           264938          198116          

320X180         16              975                      28000           1007422         802582          

320X180         17              1367                     30000           1168786         998494          

320X180         18              691                      34000           612628          580385          

320X180         19              1294                     35000           878793          1116598         

320X180         20              154                      39000           114312          128868          

Resolution      GOP#            TranscodingTime          Pts             InputSize       outputSize      

320X180         1               442                      0               203487          28121           

320X180         2               300                      6000            1015559         719             

320X180         3               854                      7000            889221          1150825         

320X180         4               569                      9000            491204          699464          

320X180         5               719                      10000           632340          822963          

320X180         6               717                      12000           541576          713648          

320X180         7               446                      13000           354727          514940          

320X180         8               518                      14000           474095          599533          

320X180         9               592                      16000           250803          686201          

320X180         10              1001                     17000           673341          927378          

320X180         11              689                      21000           628855          577036          

320X180         12              696                      22000           225852          793877          

320X180         13              249                      24000           380692          133370          

320X180         14              538                      25000           492996          477037          

320X180         15              285                      27000           264938          198116          

320X180         16              937                      28000           1007422         802582          

320X180         17              1327                     30000           1168786         998494          

320X180         18              692                      34000           612628          580385          

320X180         19              1301                     35000           878793          1116598         

320X180         20              153                      39000           114312          128868          

Resolution      GOP#            TranscodingTime          Pts             InputSize       outputSize      

320X180         1               427                      0               203487          28121           

320X180         2               290                      6000            1015559         719             

320X180         3               840                      7000            889221          1150825         

320X180         4               565                      9000            491204          699464          

320X180         5               703                      10000           632340          822963          

320X180         6               682                      12000           541576          713648          

320X180         7               450                      13000           354727          514940          

320X180         8               540                      14000           474095          599533          

320X180         9               592                      16000           250803          686201          

320X180         10              986                      17000           673341          927378          

320X180         11              675                      21000           628855          577036          

320X180         12              691                      22000           225852          793877          

320X180         13              248                      24000           380692          133370          

320X180         14              544                      25000           492996          477037          

320X180         15              289                      27000           264938          198116          

320X180         16              938                      28000           1007422         802582          

320X180         17              1350                     30000           1168786         998494          

320X180         18              704                      34000           612628          580385          

320X180         19              1361                     35000           878793          1116598         

320X180         20              161                      39000           114312          128868          

Resolution      GOP#            TranscodingTime          Pts             InputSize       outputSize      

320X180         1               462                      0               203487          28121           

320X180         2               304                      6000            1015559         719             

320X180         3               869                      7000            889221          1150825         

320X180         4               576                      9000            491204          699464          

320X180         5               728                      10000           632340          822963          

320X180         6               696                      12000           541576          713648          

320X180         7               450                      13000           354727          514940          

320X180         8               543                      14000           474095          599533          

320X180         9               606                      16000           250803          686201          

320X180         10              991                      17000           673341          927378          

320X180         11              683                      21000           628855          577036          

320X180         12              698                      22000           225852          793877          

320X180         13              262                      24000           380692          133370          

320X180         14              567                      25000           492996          477037          

320X180         15              524                      27000           264938          198116          

320X180         16              1283                     28000           1007422         802582          

320X180         17              1380                     30000           1168786         998494          

320X180         18              718                      34000           612628          580385          

320X180         19              1337                     35000           878793          1116598         

320X180         20              152                      39000           114312          128868          

Resolution      GOP#            TranscodingTime          Pts             InputSize       outputSize      

320X180         1               444                      0               203487          28121           

320X180         2               300                      6000            1015559         719             

320X180         3               855                      7000            889221          1150825         

320X180         4               576                      9000            491204          699464          

320X180         5               718                      10000           632340          822963          

320X180         6               692                      12000           541576          713648          

320X180         7               442                      13000           354727          514940          

320X180         8               542                      14000           474095          599533          

320X180         9               613                      16000           250803          686201          

320X180         10              1020                     17000           673341          927378          

320X180         11              710                      21000           628855          577036          

320X180         12              722                      22000           225852          793877          

320X180         13              257                      24000           380692          133370          

320X180         14              553                      25000           492996          477037          

320X180         15              291                      27000           264938          198116          

320X180         16              973                      28000           1007422         802582          

320X180         17              1355                     30000           1168786         998494          

320X180         18              680                      34000           612628          580385          

320X180         19              1345                     35000           878793          1116598         

320X180         20              159                      39000           114312          128868          

Resolution      GOP#            TranscodingTime          Pts             InputSize       outputSize      

320X180         1               426                      0               203487          28121           

320X180         2               289                      6000            1015559         719             

320X180         3               836                      7000            889221          1150825         

320X180         4               564                      9000            491204          699464          

320X180         5               690                      10000           632340          822963          

320X180         6               668                      12000           541576          713648          

320X180         7               436                      13000           354727          514940          

320X180         8               518                      14000           474095          599533          

320X180         9               589                      16000           250803          686201          

320X180         10              1010                     17000           673341          927378          

320X180         11              686                      21000           628855          577036          

320X180         12              686                      22000           225852          793877          

320X180         13              245                      24000           380692          133370          

320X180         14              543                      25000           492996          477037          

320X180         15              287                      27000           264938          198116          

320X180         16              932                      28000           1007422         802582          

320X180         17              1361                     30000           1168786         998494          

320X180         18              689                      34000           612628          580385          

320X180         19              1290                     35000           878793          1116598         

320X180         20              155                      39000           114312          128868          

