Resolution      GOP#            TranscodingTime          Pts             InputSize       outputSize      

320X180         1               1309                     0               478202          127638          

320X180         2               3718                     5000            1599347         174514          

320X180         3               2593                     10000           894664          132332          

320X180         4               2175                     15000           678070          151143          

320X180         5               1199                     20000           243199          59858           

320X180         6               6                        25000           0               61              

Resolution      GOP#            TranscodingTime          Pts             InputSize       outputSize      

320X180         1               1210                     0               478202          127638          

320X180         2               3661                     5000            1599347         174514          

320X180         3               2590                     10000           894664          132332          

320X180         4               2178                     15000           678070          151143          

320X180         5               1195                     20000           243199          59858           

320X180         6               5                        25000           0               61              

Resolution      GOP#            TranscodingTime          Pts             InputSize       outputSize      

320X180         1               1227                     0               478202          127638          

320X180         2               4087                     5000            1599347         174514          

320X180         3               2626                     10000           894664          132332          

320X180         4               2200                     15000           678070          151143          

320X180         5               1210                     20000           243199          59858           

320X180         6               6                        25000           0               61              

Resolution      GOP#            TranscodingTime          Pts             InputSize       outputSize      

320X180         1               1238                     0               478202          127638          

320X180         2               3711                     5000            1599347         174514          

320X180         3               2607                     10000           894664          132332          

320X180         4               2205                     15000           678070          151143          

320X180         5               1224                     20000           243199          59858           

320X180         6               6                        25000           0               61              

Resolution      GOP#            TranscodingTime          Pts             InputSize       outputSize      

320X180         1               1224                     0               478202          127638          

320X180         2               3695                     5000            1599347         174514          

320X180         3               2583                     10000           894664          132332          

320X180         4               2194                     15000           678070          151143          

320X180         5               1209                     20000           243199          59858           

320X180         6               6                        25000           0               61              

Resolution      GOP#            TranscodingTime          Pts             InputSize       outputSize      

320X180         1               1239                     0               478202          127638          

320X180         2               3723                     5000            1599347         174514          

320X180         3               2615                     10000           894664          132332          

320X180         4               2203                     15000           678070          151143          

320X180         5               1197                     20000           243199          59858           

320X180         6               6                        25000           0               61              

Resolution      GOP#            TranscodingTime          Pts             InputSize       outputSize      

320X180         1               1240                     0               478202          127638          

320X180         2               3715                     5000            1599347         174514          

320X180         3               2605                     10000           894664          132332          

320X180         4               2203                     15000           678070          151143          

320X180         5               1207                     20000           243199          59858           

320X180         6               6                        25000           0               61              

Resolution      GOP#            TranscodingTime          Pts             InputSize       outputSize      

320X180         1               1235                     0               478202          127638          

320X180         2               3714                     5000            1599347         174514          

320X180         3               2792                     10000           894664          132332          

320X180         4               2201                     15000           678070          151143          

320X180         5               1204                     20000           243199          59858           

320X180         6               6                        25000           0               61              

Resolution      GOP#            TranscodingTime          Pts             InputSize       outputSize      

320X180         1               1237                     0               478202          127638          

320X180         2               3696                     5000            1599347         174514          

320X180         3               2606                     10000           894664          132332          

320X180         4               2200                     15000           678070          151143          

320X180         5               1202                     20000           243199          59858           

320X180         6               6                        25000           0               61              

Resolution      GOP#            TranscodingTime          Pts             InputSize       outputSize      

320X180         1               1231                     0               478202          127638          

320X180         2               3714                     5000            1599347         174514          

320X180         3               2624                     10000           894664          132332          

320X180         4               2209                     15000           678070          151143          

320X180         5               1213                     20000           243199          59858           

320X180         6               6                        25000           0               61              

